20
4 right
0 0 2 4
0 0 4 8
0 2 16 32
0 2 2 16
4 up
0 0 2 4
0 0 4 8
0 2 16 32
0 0 4 16
4 up
0 0 0 0
0 0 0 0
0 0 0 0
0 0 0 0
4 down
2 2 2 2
2 2 2 2
2 2 2 2
2 2 2 2
4 left
2 2 2 2
2 2 2 2
2 2 2 2
2 2 2 2
4 right
2 2 2 2
2 2 2 2
2 2 2 2
2 2 2 2
4 up
2 2 2 2
2 2 2 2
2 2 2 2
2 2 2 2
4 left
2 2 4 4
2 2 4 4
2 2 4 4
2 2 4 4
4 down
1024 1024 1024 1024
1024 1024 1024 1024
1024 1024 1024 1024
1024 1024 1024 1024
4 left
1024 1024 1024 1024
1024 1024 1024 1024
1024 1024 1024 1024
1024 1024 1024 1024
4 right
1024 1024 1024 1024
1024 1024 1024 1024
1024 1024 1024 1024
1024 1024 1024 1024
4 up
1024 1024 1024 1024
1024 1024 1024 1024
1024 1024 1024 1024
1024 1024 1024 1024
4 left
4 0 0 0
0 4 128 0
0 1024 1024 0
0 2 0 0
4 up
0 128 2 0
128 0 0 0
4 0 0 0
0 0 0 4
4 left
0 0 0 2
0 0 0 1024
2 0 0 4
0 0 0 0
4 left
0 0 4 0
0 0 4 0
8 1024 0 0
2 4 0 0
4 down
8 0 0 2
4 32 0 0
2 128 128 2
64 64 2 2
4 left
2 0 0 2
32 2 16 2
64 1024 64 2
2 8 512 4
4 right
4 16 0 4
2 4 4 8
4 0 4 0
0 4 0 2
4 right
4 4 2 4
4 4 0 2
2 2 0 4
4 4 4 2
