100
100 3311
33188 36499 39541 42852 46163 39810 48700 52011 53875 55456 57618 64122 65013 67800 76343 84342 87653 87221 95635 98946 102257 90532 93843 101050 104361 107672 90964 79654 82965 71111 74422 105864 109175 112486 115797 119108 112486 117040 124421 127732 128233 131544 134855 131043 120351 134341 137538 140849 147453 148210 151521 148929 151209 154520 157831 152240 157133 161758 169740 176594 179905 180071 183382 186693 183216 173051 176362 165069 168380 160444 163755 155551 154832 150764 154075 144160 137652 140963 123662 68324 71635 67433 70744 60929 64240 58767 62078 57186 60497 55322 255849 262846 278136 285442 276323 29763 66841 68402 58250 36403
100 2292
183166 185458 187750 188139 190431 196634 198926 201218 199347 201639 203931 192723 207569 208318 210610 211106 213398 219711 226256 232429 234721 237013 228548 230840 232966 241695 243987 247851 248697 250989 252736 255028 257320 253281 253019 259306 261598 263890 255311 257603 250143 252435 246279 235258 237550 222003 224295 215690 217982 213398 215690 212902 209861 212153 344693 175720 183171 190622 196239 202762 211520 220278 204997 213755 203286 212044 220802 326299 334632 333563 324285 317100 304632 295915 285729 267518 275851 255946 250348 241660 249993 237288 245621 229338 237671 219684 228017 218358 226691 209687 218020 205610 213943 207328 195155 203488 195021 203354 199479 83712
100 3982
105511 109966 118182 122164 130123 134114 140280 147627 151609 155591 144262 157324 159045 165675 169532 176359 180341 179008 182990 186972 180347 184329 188311 184323 173514 177496 169657 173639 163027 167009 161306 165288 148244 138096 142078 134105 138087 126146 130128 122164 126146 113948 117930 109493 113475 173356 164666 192911 193153 193395 206479 212836 219193 210536 216893 223250 256245 265317 274389 133123 139500 135098 124082 255447 259016 265373 271730 264070 268128 274485 280842 270427 276784 261804 268161 272211 278568 284925 321095 325723 282758 289115 291860 298217 304574 295472 263818 198720 179812 299300 305657 312014 184907 179299 172409 147409 125306 106720 116146 96688
100 5193
78570 83763 88956 177049 92932 98125 103318 123234 113460 105056 110249 111363 116556 119355 124548 129741 121749 115442 114212 105578 99881 179938 82929 92315 142522 147715 152908 115494 124880 152203 157533 162726 167919 157396 162589 162481 167674 170311 175504 174128 179321 184514 180697 172867 178060 167674 172867 232365 236815 183738 188931 194124 185909 191102 196295 250560 255010 259460 237482 232445 212056 263647 268097 272547 197316 214461 219654 224847 186154 193077 182250 169664 176587 160209 167132 159069 165992 150325 157248 148575 155498 139871 146794 137926 144849 141106 136562 123935 130858 114800 121723 119601 113026 196836 201736 191419 196319 193178 176067 85624
100 3820
22072 23892 25655 26238 26879 30699 30830 34650 38470 42290 47268 51088 54908 54869 62871 72176 75996 79816 66691 70511 58689 73040 76860 81810 84297 84478 88298 92118 88117 91937 85630 89450 80680 62509 46110 38470 34519 30058 33878 29475 33295 27712 31532 25892 29712 72117 72142 67062 62882 55633 55658 47307 47332 195582 204809 214036 199993 209220 218447 27339 121133 111042 120386 101943 111287 100910 91948 90967 83107 489854 494732 499610 96927 87065 90190 83676 86801 77450 80575 69770 72895 256332 263119 269906 57840 53643 56768 229868 231437 235307 239177 60478 58583 60124 52694 54235 44278 39013 40554 34352
100 5591
41764 46618 52209 57800 47355 47008 56631 62222 67813 52599 58190 52946 301562 303777 304074 304371 301859 90978 96569 102160 99215 104806 110397 115988 104806 110397 261943 236357 233555 234775 124189 133387 142585 132923 124962 134160 143358 82497 77583 77638 67993 68048 65306 181774 189349 196924 189596 197171 204746 47306 47361 170361 171140 171919 173437 174216 174995 58936 51347 229731 237306 232426 233668 241243 237600 245175 252750 248818 240001 247576 244881 106815 94090 98448 93048 97406 87177 91535 84681 89039 84758 72457 76815 71197 57393 61751 46808 51166 45503 49861 298366 300671 300605 302910 305215 302976 294113 391142 61560 94057
100 7351
32337 39688 47039 51533 51722 44188 50999 58350 53068 60419 67770 65701 60641 67992 75343 70325 76195 82065 72610 67180 74531 73695 81046 88397 81882 46554 52424 246650 251594 93721 101072 108423 258168 115204 105836 115481 121116 128467 135818 122832 130183 81952 137230 131533 139220 146571 153922 149218 156569 163920 171271 156569 163920 138884 146235 76831 168797 177100 184451 191802 176148 183499 43127 192210 198571 192922 191012 194973 201334 207695 172879 177725 203386 209747 216108 171399 161663 155206 160052 147780 152626 251462 290150 287047 251127 257488 263849 254160 260521 266882 274845 67660 280360 286324 283146 289110 295074 292288 43683 45764
100 730
71532 72262 72992 73722 72726 73456 74186 72262 72992 77449 79917 80279 86117 92534 95620 96089 96819 105462 115399 116129 116859 106192 106922 97549 96350 97080 93264 93994 86847 87577 81009 81739 80647 81377 78179 78909 427945 178248 184568 190888 177825 159154 165474 154318 238386 239986 241586 238793 240393 241993 242089 243689 247969 248956 250556 252156 249569 251169 245289 231621 225881 218519 220119 218744 241693 248013 250579 256899 263219 254333 210264 211864 209429 150408 140108 141708 130366 131966 171396 164656 157841 162504 154940 144807 149470 144346 149009 146580 129155 133818 127134 131797 120327 313192 318312 319763 321214 314643 79299 81380
100 8472
70153 78625 72856 81328 77907 86379 94851 89800 87097 84320 88300 96772 89864 98336 106808 105244 93191 101619 108732 117204 111395 112713 113184 119462 127934 135285 143757 152229 135879 144351 152823 136406 144878 127934 136406 121656 130128 121185 129657 119867 128339 125676 110091 118563 101663 110135 92792 101264 104235 116479 111913 117554 109693 117618 125543 90643 116433 124358 132283 128713 132943 147062 152703 144054 151979 144833 152758 160683 159904 188204 150623 154853 159083 181487 188986 141615 129854 137353 48017 44768 47470 38770 41472 32245 34947 26178 28880 24675 13687 16389 87881 91974 78877 82970 69662 73755 73479 59602 63695 41005
100 5461
201968 207429 205750 211211 215982 221443 226904 218683 220089 221227 227959 233420 238881 226688 228726 234187 234567 240028 237575 243036 248497 245274 250735 256196 245432 250893 256354 254963 260424 262608 272114 277575 283036 268069 273530 276489 281950 287411 265885 245489 277148 285408 290869 288835 288983 294444 299905 294296 299757 296330 282609 288070 239648 232149 225550 231011 224144 229605 216672 222133 211211 216672 212890 100420 83609 91382 131365 140199 131532 189894 199078 188149 197333 195853 163338 138259 147443 136321 145505 126317 135501 120966 130150 129376 116714 125898 117622 99656 108840 92733 101917 97509 88636 79651 77393 76263 125313 115382 122215 116232
100 7456
38080 126106 133299 161694 169150 176606 184062 169150 176606 152513 159706 150967 174621 182077 189533 99825 92702 101614 96987 99985 108897 117809 105899 103865 105755 106302 115214 112283 121195 130107 124126 114667 123579 112777 121689 114811 110526 108737 94004 102916 85149 94061 52979 39124 160149 169569 178989 129851 65811 51615 271798 279319 152650 160469 164423 168300 172254 176208 168377 156604 160558 168350 172304 172636 180295 184249 188203 176590 180544 186922 190876 194830 176258 214652 206411 214285 215676 216118 215692 218269 222223 226903 235267 239221 243175 240407 244361 248315 230857 234811 226177 250170 254124 258078 98515 71181 77669 65775 72263 59583
100 4065
67382 71447 68875 72940 77005 75499 79564 85274 89339 93404 88675 93476 102411 105084 106143 108221 112286 116351 119150 125979 134369 138434 142499 137078 141143 146385 149210 153275 157340 150450 154515 145208 130044 134109 123215 127280 120416 112286 116351 110208 114273 109149 113214 106476 110541 97541 101606 92740 96805 83629 75512 473691 476498 480428 483235 486042 193238 202399 492204 495011 497818 498135 506924 509731 514628 517435 523520 526327 529134 520242 512538 500942 503749 523607 526414 529221 529948 532755 535562 296053 303768 251035 256002 257322 258642 252355 253675 316191 313364 315033 562420 565227 568034 299798 291882 293551 449979 443269 448231 81021
100 2827
84838 87665 90492 112381 102247 110173 98532 106458 103968 121672 131334 134864 142039 122411 125238 128065 146088 154887 137815 138586 141413 144240 147067 144794 147621 150448 149894 144240 140642 143469 165840 174639 166486 175285 184084 183438 148932 130471 139270 128527 124114 125088 288709 297312 302176 310664 319152 192183 200982 209781 201594 210393 219192 229748 235360 262169 262499 216077 221306 230105 224696 233495 242294 238904 224876 233675 309202 234551 243350 252149 175516 321641 321971 322301 164025 152223 157835 128945 118905 119346 103088 98098 98539 90526 84535 80221 80502 310917 315190 316766 321039 325312 325958 330231 334504 319463 332818 93276 97814 133315
100 6228
30767 40562 48544 54772 61000 46790 56968 63196 69424 63039 69267 75495 81723 69267 75495 53018 36995 43223 64287 71507 108121 113867 111450 67688 74908 82128 117196 122942 146531 115851 121597 127343 138245 128974 129250 140403 150148 133888 132198 141943 151688 296176 298564 164499 170245 174050 179796 185542 175991 201718 201994 313982 176860 186605 209502 209778 210054 196350 332182 218109 218385 218661 335958 338473 234294 234570 234846 340988 319284 321799 316497 319012 308279 310794 310251 306794 309309 304297 306812 305440 303594 298691 301206 293186 288582 273839 251381 308081 311906 304225 308050 310578 314403 318228 275864 260823 274178 34636 39174 74675
100 7463
88719 89070 92352 95000 102463 109926 117389 109703 114644 122107 115417 122880 130343 129570 119738 127201 126524 133987 135219 142682 150145 141450 134664 117166 124629 102463 109926 99815 107278 96533 103996 96182 103645 162974 165753 168870 170069 172848 175627 175721 182072 308237 308796 309355 310415 310974 311533 194139 196918 198045 200824 203603 199697 184851 187630 178500 181279 171649 174428 168532 222231 226350 205597 208376 214015 216794 219573 211155 271743 271976 239074 234938 224891 229010 220635 224754 221502 215738 211546 202286 195165 183129 171282 175401 172703 160657 164776 143587 133343 137462 128946 126078 116412 120531 102042 106161 191859 181471 189468 120601
100 2243
46835 49078 56653 58896 61139 51321 55109 55109 58343 62327 62327 62327 58343 64835 64835 64835 58343 50265 156060 156060 156060 148512 140860 140860 138375 156584 156584 157755 157755 158697 162197 162197 162197 166276 166276 166937 166937 168908 174553 174553 174553 168908 168908 166937 166276 158697 158697 157755 156584 138375 135407 135407 135282 135282 133151 133151 129328 157132 157132 153811 162858 162858 162858 153811 62391 62391 62391 52730 52730 62392 67265 75076 78942 78942 78942 75076 75076 67265 67265 78943 48674 51214 51214 55416 55416 55416 51214 48674 48674 55417 55418 56633 60116 60116 60116 64361 64361 64361 56633 56633
100 2376
52650 62544 64920 65614 67990 74757 78388 80764 84895 85255 89538 91914 94290 87631 90007 87271 93796 96172 98548 89647 83140 77133 79509 70366 67296 55026 57402 93797 59293 63651 66027 68403 61669 64045 67904 77118 82142 82350 84034 86410 88475 90851 93227 88786 84726 87102 84518 86894 91917 97322 97909 100285 106873 110008 110057 112433 114809 116309 123144 125520 125767 128143 130519 127896 118685 134333 136709 134451 142436 145562 152038 157570 159946 165127 167503 169879 162322 154414 156790 147938 150314 144812 147188 136827 139203 139085 121061 112384 114760 109249 111625 102661 99698 102074 94293 96669 79494 81870 70280 72656
100 7679
73648 82904 84332 92011 99690 90583 98262 81327 89006 84333 76444 86151 93830 101509 84123 91802 91490 99787 101078 108757 116436 108776 116455 124134 107466 115145 99169 106848 118660 126082 133761 141440 131914 139593 147272 126339 134018 131915 138202 146869 151845 158056 163598 165789 166320 173999 181678 173468 181147 171277 178956 165735 173414 159524 167203 154548 162227 145881 153560 166321 171923 174076 183260 185762 193441 201120 190939 198618 181755 187004 194683 202362 189434 190795 198474 193018 200697 208376 206153 179602 187281 196562 205219 209594 217273 213835 220741 223085 230764 238443 228420 236099 221514 229193 224952 212898 220577 204241 211920 223086
100 7464
167679 175143 182607 167680 171355 178819 186283 171356 17353 24817 32281 17354 21575 29039 36503 21576 28227 35691 43155 28228 37297 44761 52225 37298 41143 48607 56071 41144 42167 49631 57095 42168 20463 27927 35391 20464 29339 36803 44267 29340 23173 30637 38101 23174 26478 33942 41406 26479 35979 43443 50907 35980 22403 29867 37331 22404 25024 32488 39952 25025 19137 26601 34065 19138 20237 27701 35165 20238 22750 30214 37678 22751 20659 28123 35587 20660 30276 37740 45204 30277 17806 25270 32734 17807 18330 25794 33258 18331 20331 27795 35259 20332 21480 28944 36408 21481 25678 33142 40606 25679
100 9437
179875 187339 194803 48528 57965 58159 67596 77033 67402 37013 44477 33854 43291 40460 49897 59334 52728 47887 55351 40424 49493 56957 64421 49494 59004 68441 77878 60335 69772 79209 69291 35935 45372 54809 47587 32660 41535 48999 56463 41536 52842 62279 71716 35370 38674 46138 53602 71952 81389 90826 80002 89439 98876 85495 94932 104369 37220 44684 52148 37221 31333 38797 46261 31334 32433 39897 138086 147523 156960 42410 145139 154576 164013 40319 47783 32856 42472 49936 57400 42473 38059 47496 40588 50025 59462 56933 45454 30527 32527 39991 47455 32528 33676 41140 48604 33677 37874 45338 52802 37875
100 8650
4434 13084 13609 22259 30909 21734 22703 22703 34914 43564 41458 43271 51921 60571 50108 58758 52214 43271 58790 65025 69827 78477 87127 73675 82325 67440 76090 69827 87721 96263 105644 114294 122944 104913 113563 96371 105021 105644 107853 116024 120770 129420 138070 124674 133324 116503 125153 120770 133694 142344 150994 138480 147130 146737 155387 164037 155780 146737 160659 168364 173186 181836 190486 177014 185664 169309 177959 173186 181913 188734 194432 203082 211732 197384 206034 190563 199213 194432 201180 206039 214689 223339 212310 220960 229610 209830 218480 212310 225780 227519 231349 239999 248649 236169 244819 234430 243080 231349 239929 248579
100 6315
12679 18994 12679 21453 27120 33435 39750 27768 27120 32272 34977 41292 47607 38587 34977 46739 47769 54084 60399 53054 47769 51322 52114 58429 64744 57637 52114 68133 68475 74790 81105 74448 68475 69893 75235 81550 87865 76208 75235 89031 95346 101661 93409 99724 93409 102763 103772 110087 116402 109078 103772 108810 115125 112800 119115 125430 112800 124086 126128 132443 138758 130401 126128 134183 140498 143911 150226 156541 143911 153361 154917 161232 167547 159676 154917 164755 165480 171795 178110 171070 165480 169404 172046 178361 184676 175719 172046 186425 190241 191929 193074 198331 204646 210961 199389 205704 198244 204559 196556 202871
100 626
10787 10787 25865 30926 31552 32178 26491 30926 40790 41416 45516 46142 46768 45516 57594 63504 64130 64756 58220 63504 82023 90786 91412 92038 82649 90786 102077 102703 110980 111606 112232 110980 117490 121354 121980 122606 118116 121354 130852 131478 133434 134060 134686 133434 140234 140860 141486 142946 143572 142946 160233 162656 163282 163908 160859 162656 175654 176280 176906 180929 181555 180929 193775 194731 195357 195983 194401 194731 207096 215527 216153 216779 207722 215527 224552 232190 232816 233442 225178 232190 242603 243229 248714 249340 249966 248714 258103 267026 267652 275535 278151 282006 282632 283258 278777 279403 276161 276787 268278 258729
100 1683
10817 13761 17025 18708 20391 15444 17127 12500 17025 33173 34074 35757 35623 37306 38989 37440 34856 36539 35623 45005 50133 58561 60244 61927 51816 53499 46688 48371 58561 67385 69068 70751 68835 70518 72201 78655 80338 82021 78655 83416 85324 90497 92180 93863 87007 88690 85099 86782 90497 94985 96668 98351 95185 102082 103765 105448 96868 98551 102082 119283 120966 126740 128954 130637 132320 128423 130106 122649 128954 143099 144782 150961 152644 160271 161954 163637 154327 146465 160271 166700 168383 169039 170722 170071 171754 173437 172405 170066 170071 184881 184912 194129 195812 197495 186595 188278 186564 188247 194129 201639
100 1772
11431 13203 11431 24632 32146 34527 36299 38071 33918 35690 26404 28176 34527 47902 49774 55067 56839 58611 51546 53318 49674 51446 55067 58582 60354 62126 63636 65408 67180 71103 72875 74647 71103 83579 84044 85816 87588 85351 87123 91480 93252 95024 91480 100978 102750 109763 111535 113307 117099 118871 120643 104522 117099 127807 129579 132144 135861 137633 139405 133916 135688 131351 135861 146930 156778 165717 167489 169261 158550 160322 148702 150474 165717 173730 175502 177274 178074 179846 181618 178908 180680 182452 178908 194568 196340 198112 196613 198385 201768 203540 205312 200157 201768 214250 219419 224707 226479 228251 221191 222963
100 5605
7052 13528 19133 22439 28044 22439 34967 40572 46177 38605 38605 44124 46446 52051 57656 46446 57247 62852 68457 61673 61673 68328 71140 76745 82350 71140 80929 82185 87790 93395 82185 95290 100895 106500 101692 101692 107539 113119 118724 124329 113119 129442 135047 132947 138552 132947 138326 143931 143365 148970 143365 151278 156883 151693 157298 151693 163407 167771 173376 178981 167771 183780 189385 194990 187554 187554 198322 202305 207910 213515 202305 219729 221514 227119 232724 221514 238443 244048 249653 242252 242252 257888 263493 269098 265043 265043 272719 278324 283929 281185 281185 293372 298977 299876 305481 299876 310752 316357 321962 313932
100 6241
8666 19006 20936 30900 37141 37451 38467 43958 50199 56440 44708 50949 43692 49933 43382 48701 54942 61183 27177 33418 48701 56698 57298 58427 59246 60935 67221 72935 79176 85417 73462 79703 67176 73417 65487 71728 64668 70909 63539 69780 72935 78927 88077 91013 96964 103205 101167 101928 102023 108264 114505 108169 114410 107408 113649 109446 97254 103495 94318 100559 102023 107297 113538 119779 114151 120392 118484 124725 130966 126633 124243 128012 134450 139919 146160 152401 140691 146932 134253 140494 139919 150143 156384 159080 162938 169179 167067 173308 179549 175420 167182 173423 170501 176393 182634 188875 176742 182983 179664 165321
100 3770
16219 17532 21302 25072 17532 25235 26655 29235 33005 36775 30425 34195 29005 32775 29235 38165 41935 45393 49163 52933 48461 52231 56001 45705 48461 63826 67596 70858 73795 77565 81335 74628 78398 71366 73795 84794 86111 89881 92473 96243 100013 93651 88564 92334 92473 102681 106660 116535 120305 124075 110430 114200 106451 110221 116535 121689 125459 130421 136902 140672 144442 134191 137961 129229 136902 139413 143183 139971 147864 151634 155404 143741 147511 146953 147864 156837 160607 160315 163101 166871 170641 164085 167855 164377 163101 171047 174817 178587 179868 183638 182666 186436 190206 187408 182666 194918 198688 202458 197001 200771
100 4945
991 5936 4408 9353 14298 4408 13579 22917 27862 32807 18524 22917 37481 42163 47108 52053 42426 42163 47638 47765 52710 57655 52583 47765 64202 72509 77454 82399 69147 72509 81581 86811 91756 96701 86526 86811 93458 98403 103348 99945 104890 99945 113019 114621 119566 124511 117964 114621 130965 137725 142670 147615 135910 137725 149986 155922 160867 165812 154931 155922 166773 171718 176663 173481 178426 173481 180085 185030 189975 187825 192770 187825 194664 200786 205731 210676 199609 200786 210015 212301 217246 222191 214960 212301 222814 227874 232819 237764 227759 227874 233410 238355 235556 240501 245446 238495 243311 248256 253201 243440
100 9438
8706 18144 8706 13351 21428 30866 40304 22789 21886 31324 40762 22839 32277 23838 33276 32036 41474 50912 33949 43387 52825 42714 33949 35133 44571 54009 35406 44844 54282 43177 52615 45950 49306 52181 58842 68280 77718 61619 71057 58744 68182 55388 58842 73348 77579 87017 96455 82786 92224 77722 87160 96598 84327 87123 87806 97244 95112 104550 113988 106682 96561 105999 95112 98925 108363 117801 104439 106403 115841 125279 114851 124289 120876 123220 126777 136215 145653 132658 142096 130314 139752 133727 126777 133549 142987 152425 137281 144470 153908 163346 146719 151979 158686 168124 161212 170650 180088 177562 161417 170855
100 7371
11598 18969 26340 21484 21484 31740 37381 44752 42185 49556 56927 52123 39111 46482 42185 54952 62323 69694 60780 68151 75522 62573 69944 77315 62573 75933 80411 87287 94658 102029 87782 95153 83304 90675 87287 96473 103844 111215 104981 106541 113912 121283 112352 119723 106541 119263 122770 132512 139883 147254 130141 137512 126634 134005 132512 151554 158925 161146 162601 169972 177343 168517 175888 166296 162601 171580 178951 186322 173934 181305 188676 183359 190730 198101 183359 194433 203054 206890 214261 221632 210425 217796 201804 209175 206890 216279 224381 226475 233846 241217 231752 239123 223650 231021 226475 236074 241711 249082 256453 243445
100 4366
11625 16540 20906 25272 16540 30744 35110 36659 41025 45391 39476 37126 39119 43485 40394 44760 49126 41369 45735 50101 47851 43259 47625 51991 43259 54416 58782 63148 61627 65993 63751 68117 64820 67473 68810 68993 73359 77725 73176 77542 71839 76205 69186 73552 68993 76258 79098 83464 82299 89812 94121 98260 103319 107685 112051 102626 106992 98487 102853 94178 98544 86665 91031 87830 103319 118164 127769 132135 135849 140215 144581 145773 150987 160032 164602 168968 173334 164398 168764 155353 159719 150139 154505 136501 164602 179590 183217 187583 191949 183956 183828 188194 192560 188322 192215 196581 200947 199402 203768 208134
100 9304
14335 23639 14335 21244 30548 29875 39179 48483 29875 37999 38090 47394 56698 47303 38090 46342 54540 63844 73148 55646 54540 66883 69494 78798 88102 76187 69494 82361 91665 91188 100492 109796 91188 100159 109463 101985 111289 120593 101985 112995 122299 131603 121486 130790 121486 137306 146610 138838 148142 157446 138838 150313 156924 166228 175532 159617 156924 164778 169264 178568 187872 174082 169264 187165 192937 202241 211545 196469 192937 204228 204398 213702 223006 213532 204398 219972 229276 228786 238090 247394 228786 242217 249663 258967 268271 251521 249663 263471 271350 279897 289201 298505 281984 286890 296194 305498 291288 300592 280654 289958
100 431
7955 7955 20622 28691 29122 29553 21053 28691 40973 41404 41835 45541 45972 45541 57604 64351 64782 65213 58035 64351 78423 78854 83809 84240 84671 83809 91347 100932 101363 101794 91778 100932 114324 123030 123461 123892 114755 123030 133797 134228 134659 140746 141177 140746 146996 147427 147858 156483 156914 156483 169070 169501 178294 178725 179156 178294 179203 179634 180065 187862 188293 187862 202775 204192 204623 205054 203206 204192 217305 225187 225618 226049 217736 225187 239637 246466 246897 247328 240068 246466 257460 265496 265927 266358 257891 265496 267796 268227 268658 267828 276226 276657 277088 268259 283552 283983 289535 289966 290397 284414
100 8816
11945 20761 29577 11945 18889 27705 36521 27370 36186 36027 40491 49307 58123 44843 49317 58133 49737 58553 52312 61128 69944 67369 66949 52312 62005 70821 70111 79036 86375 87409 96225 89345 98161 106977 105041 93752 102568 111384 95191 104007 87852 96668 78927 93752 102962 111567 118718 127818 136873 143367 152183 160999 150521 159337 168153 145689 154505 136634 145450 127534 136350 120383 129199 150521 165363 169522 171709 174517 183333 192149 180525 189341 178338 174748 183564 183305 190303 199119 207935 192121 200937 192380 187154 190303 202338 208316 217132 225948 211154 209628 215557 224373 233189 218444 219628 229553 238369 247185 228444 237260
100 7767
10938 18705 10938 16935 18660 22428 30195 37962 26427 28380 36147 43914 34194 24702 29600 32465 40232 47999 37367 38182 45949 53716 38182 48995 52855 56806 59028 67636 69716 77483 71749 79516 87283 85250 75403 83170 66795 74562 64573 72340 60622 68389 71749 82773 84095 91862 88839 97975 105742 113509 96606 104373 107170 107868 110262 118029 125796 115635 123402 114937 122704 99629 110262 118109 125876 133643 127267 134387 136263 144787 150838 158605 166372 152554 160321 159304 167071 174838 144030 151797 142154 149921 159304 165682 173449 181216 175492 178019 185551 191168 191650 199417 207184 198935 206702 193318 201085 185786 193553 183259
100 4734
5767 5767 19100 23834 22819 27553 22819 41451 47770 52504 57238 47770 53137 61882 66616 71350 61882 65978 70712 75012 79746 75012 89445 94179 90241 94975 90241 96406 100985 105719 110453 100985 110450 118884 123618 128352 118884 129813 134547 139281 130536 130536 149630 154364 158844 163578 158844 169710 171972 176706 181440 171972 189595 197675 202409 207143 197675 206482 211216 215950 209408 209408 217187 225813 230547 235281 225813 232991 237725 242459 235228 235228 244693 247961 252695 257429 247961 262455 270242 274976 279710 270242 284043 286510 291244 295978 286510 288084 292818 297552 296187 296187 306086 312535 317269 322003 312535 325377 330111 334845
100 8707
9023 19010 27717 36424 23874 27877 36584 45291 32581 41288 27877 40897 43453 51085 59792 68499 52160 60867 49604 58311 51085 60578 65237 70646 79353 88060 73944 82651 69285 77992 70646 81694 90401 99108 87747 96454 95970 104677 113384 105161 95970 101169 106061 110905 119612 128319 114768 123475 109876 118583 110905 120713 129420 138127 127256 135963 144670 134844 143551 152258 134844 146405 155112 163819 151348 158465 167172 175879 160055 168762 158465 161650 170357 179064 164461 173168 168420 177127 185834 181875 168420 178909 187616 196323 181121 189828 188175 196882 205589 198535 188175 205401 214108 206533 215240 215251 223958 232665 223947 222815
100 2964
9129 9129 27036 30000 34884 43325 46289 49253 37848 40812 32964 43325 49347 52311 50858 53822 56786 55275 57394 60358 63322 57394 62353 65317 65147 67747 70711 73675 68111 71075 68281 67747 68265 71229 74193 77757 84938 87902 90866 80721 83685 84938 92372 95336 100508 103472 106436 102952 105916 108880 98300 102952 106981 111035 113999 116963 109945 112909 111168 114132 117096 111168 118075 121039 123958 126922 126369 129333 132297 129886 124003 126369 137897 146933 156213 159177 162141 149897 152861 140861 143825 156213 166205 169169 172133 168089 171053 168767 171731 174695 174017 168767 180285 183249 186213 189698 192662 195626 190725 193689
100 4047
11921 15968 20015 11921 25853 29900 34657 38704 34657 46114 50161 54208 50372 50372 63799 67846 71893 73632 73632 84556 88603 92650 91546 91546 99506 107800 111847 115894 107800 122612 126659 125673 129720 125673 130486 134533 138580 136239 136239 148319 148882 152929 156976 148882 162160 166285 170332 174379 166285 184499 193259 197306 201353 193259 203855 209921 213968 218015 209921 217009 221056 225103 225409 225409 236224 240271 244318 238412 238412 252297 256344 253982 258029 253982 268947 275388 279435 283482 275388 287241 291288 289097 293144 289097 302131 305978 310025 314072 305978 317449 320559 324606 328653 320559 327260 333807 337854 341901 333807 349995
100 6358
15959 21781 28139 34497 21781 27850 34208 30382 36740 30382 50115 56473 62831 53483 53483 72519 78877 85235 73065 73065 84731 86759 93117 99475 86759 96738 103096 109454 99473 99473 111773 119480 125838 132196 119480 136769 139950 146308 152666 139950 148411 157467 163825 170183 157467 165759 172117 175532 181890 175532 184234 185146 191504 197862 185146 201556 209533 215891 222249 209533 218445 222035 228393 234751 222035 232489 238847 245205 239458 239458 248877 250532 256890 263248 250532 260491 267936 274294 280652 267936 277954 284312 290670 281699 281699 294952 301310 299142 305500 299142 316865 323223 329581 321415 321415 326206 332564 338922 335443 335443
100 2606
10675 13281 10675 23987 26593 24192 26798 29404 24192 32483 35089 37695 38933 41539 38933 45502 54249 56855 59461 48108 54249 63986 66592 71793 74399 77005 71793 75623 78229 81191 83797 86403 81191 97259 99119 101725 104331 99865 99119 114443 117049 115869 118475 121081 115869 125373 135074 137680 140286 127979 135074 140311 147555 150161 152767 142917 147555 151977 152977 155583 158189 154583 152977 163231 165837 164330 166936 169542 164330 178533 181139 180576 183182 185788 180576 189401 192007 194613 191778 194384 191778 200953 203559 209356 211962 214568 209356 217670 220276 222882 226600 231165 231198 233804 240893 243499 246105 236410 233771 236377
100 2779
12258 15037 12258 25655 27045 29824 28633 31412 34191 34285 36512 39060 39894 42673 45452 41839 44618 39291 42070 37064 39843 32603 39894 45463 48242 51021 50514 53293 56909 59688 62433 66740 71047 73826 76605 69519 72298 65212 67991 62467 56072 74556 74556 86422 89201 91980 93933 96712 99491 103202 108110 116322 119101 121880 119973 126453 129232 132011 122752 125531 110889 113668 126453 136787 146205 148984 147669 150448 152765 159460 162444 165223 163444 166223 169002 168002 162239 165018 155544 158323 153227 151763 163444 169004 171783 174562 172206 177835 180614 178496 181275 184054 183393 174985 185292 186745 189524 192303 188071 190850
100 8481
9504 27822 36303 32452 40933 32452 42383 50864 49736 58217 49736 64382 65301 73782 82263 65301 73100 81581 75499 83980 75499 92028 93739 102220 110701 93739 102124 110605 105544 114025 105544 110571 119052 127533 118969 118969 130325 138806 139374 147855 139374 148680 157161 156657 165138 156657 166906 174524 183005 191486 174524 183703 192184 189099 197580 189099 202562 211043 205135 213616 205135 213175 221130 229611 238092 221130 236262 239256 247737 256218 239256 248474 256955 265436 253014 253014 259428 268530 277011 285492 268530 277277 287189 295670 304151 287189 296136 304617 313098 298004 298004 303226 311707 320188 306002 306002 315198 319546 328027 336508
100 567
15518 16085 16652 17089 20454 21021 24794 25361 25928 21588 17656 24794 36393 36960 45900 46467 47034 54475 62298 62865 71242 80358 80925 83403 83970 84537 81492 71809 72376 63432 55042 83403 92054 92621 93188 93781 94348 96049 103578 105587 113799 117339 117906 118473 114366 114933 106154 106721 104145 104712 96616 117339 133421 133558 133644 134211 142559 143126 146941 147508 148075 149127 149694 155353 155920 156487 150261 143693 134778 134125 134692 155353 159993 169186 169753 175861 182675 189821 190388 190955 183242 195260 203841 204408 204975 195827 196394 183809 176428 176995 170320 203841 220103 229453 237680 238247 238814 230020 230587 220670
100 7058
13789 20847 13789 18159 25217 32275 22582 22582 35439 37921 44979 52037 37921 46281 53339 48142 55200 48142 61361 65749 72807 79865 65749 74634 81793 88851 95909 81793 92942 100000 107058 101065 101065 118993 126051 128710 135768 128710 143338 146108 153166 160224 146108 157600 167266 174324 181382 167266 179107 186165 193223 181505 181505 189851 193470 200528 207586 193470 205272 212330 210727 217785 210727 224769 228725 235783 242841 228725 237332 244390 251448 244057 244057 259690 266748 264692 271750 264692 281486 288544 295602 281783 281783 282613 286120 293178 300236 286120 291932 298990 306048 301866 301866 315242 322300 329358 315698 315698 327175 334233
100 7438
9704 17142 24580 9704 27584 35022 42460 32533 39971 32533 38757 45252 52690 60128 46195 45252 49790 57228 64666 51023 58461 51023 61899 69337 67050 74488 81926 67050 79721 87159 94597 81601 89039 81601 97135 100605 108043 115481 104573 100605 108648 116086 123524 117964 125402 117964 131546 138809 146247 153685 138984 138809 149952 157390 155481 162919 170357 155481 169124 176562 184000 177550 184988 177550 189933 198341 205779 213217 197371 198341 211817 219255 215627 223065 230503 215627 234015 241453 248891 244001 251439 244001 256517 263955 271393 263005 270443 263005 279785 287223 294661 286758 294449 297467 304905 312343 301887 309325 294196 301634
100 9043
7382 16425 25468 11581 20624 29667 11581 24977 28302 31971 41014 50057 37345 46388 34020 43063 31971 47028 56071 56202 65245 64752 73795 82838 74288 65114 64752 74850 81242 90285 90684 99727 108770 99328 83893 92936 90684 103307 109505 118548 119376 128419 137462 127591 112350 121393 119376 128222 137265 130211 140135 149178 158221 139254 148297 146308 140135 155552 157389 163717 172760 181803 166432 175475 164595 173638 163717 168051 173960 178788 187831 196874 183003 192046 177094 186137 178788 185195 194238 203281 191556 192160 201203 210246 200599 209642 192160 197209 198377 200705 209748 218791 207420 216463 206252 215295 200705 207179 216222 225265
100 5632
5728 12010 17642 16261 21893 24958 30590 36222 27525 23274 34953 36613 42245 47877 40585 46217 36613 49520 55152 60784 58758 64390 70022 67694 73049 78681 76756 82388 88020 84313 73326 78958 79661 87651 93283 98915 87651 88873 94505 100137 89968 93860 99492 105124 95600 94626 99035 104667 101798 107430 113062 105634 111266 116898 110299 100258 105634 109535 115167 114841 115112 118058 123690 129322 118742 124374 130006 123458 129090 134722 129001 134633 140265 120744 126376 120473 129001 144267 149899 152264 157896 152881 153473 159105 163215 168847 163704 165270 170902 176534 169336 174968 174479 164737 158513 164145 165270 169331 174963 180595
100 7838
9760 17598 9760 17539 18585 26423 28255 29744 37735 45444 53504 61342 69180 53282 61120 45573 53411 37582 45420 36093 43931 34261 53504 63115 69809 77647 77963 85801 93639 85927 93765 101603 85485 70953 78791 94981 95702 98441 106279 114117 103540 111378 98441 108655 116493 124331 114037 123618 129118 136956 144794 131456 136896 144734 152572 140415 148253 156091 149687 157525 165363 139294 149687 155392 163230 157624 162500 168902 170052 177890 185728 176740 173237 174231 182069 189907 181075 188913 184578 170338 178176 165462 174231 188459 196297 204135 189641 197479 205317 193104 198732 206291 214129 221967 206570 214408 215609 223447 231285 200942
100 7341
10313 12503 21663 29004 36345 19844 27185 17654 27099 34440 41781 24995 35922 35922 51055 58396 58223 59432 66773 74114 65564 72905 65737 61085 68426 67732 75929 83270 83318 90659 98000 90611 75073 83318 96616 103957 99459 106800 101247 108588 115929 114141 108871 110042 115018 123318 130659 138000 122359 129700 117383 124724 116212 123318 139648 146989 147176 147464 154824 162165 169506 161755 169096 170331 177672 185013 174871 182212 189553 176437 154805 162146 154517 174871 177950 185291 192632 178371 180176 180747 186334 193675 188725 195838 203179 210520 196066 203407 201016 188088 195429 187517 194858 195838 204826 212167 219508 208450 215791 223132
100 8831
6772 6772 11758 20589 29420 15456 24287 33118 24674 33505 42336 24674 30057 38888 31299 34614 43445 52276 40130 48961 47719 34614 44339 53170 53961 62792 58372 67203 76034 71623 62001 58372 60698 69529 66046 74877 72683 81514 90345 83708 78360 72683 83460 92291 101122 89893 98724 107555 91895 100726 109557 91895 107280 116111 114910 121572 130403 139234 123741 132572 124942 121572 134405 143236 152067 137014 143013 151844 160675 145845 154676 143013 153994 162825 171656 161947 170778 179609 168583 177414 186245 168583 170320 170625 179456 188287 173333 182164 190995 179151 187982 173333 188776 197607 206438 189764 198595 207426 197412 206243
100 1004
9666 10670 11674 16830 17834 17916 18920 19924 22101 23105 26975 27979 36681 37685 38689 28983 24109 36681 48695 49942 53267 54271 55275 50946 51950 49699 50703 60020 67650 70781 71785 78012 79016 80020 72789 68654 69658 78012 89660 96913 103764 108592 109596 110600 104768 105772 97917 112913 116299 120918 121922 122926 117303 118307 113917 114921 98921 120918 137569 138573 139577 138455 141435 150158 151162 152166 142439 157586 167538 168542 176561 177565 178569 169546 158590 159594 143443 176561 184628 185632 186636 193561 194565 196813 197817 198821 198228 199232 200236 205333 206337 211768 219382 220386 221390 212772 213776 219382 232507 233511
100 3487
2488 15495 18982 22469 17548 17548 27275 30762 30310 33797 30310 47190 50677 54164 50096 50096 62633 71894 75381 78868 71894 76774 79320 82807 86294 79320 94042 96550 100037 103524 96550 101788 105275 108146 111633 108146 123881 124756 128243 131730 124756 136878 138786 142273 145760 138786 149141 152628 156115 150571 150571 165262 168749 169314 172801 169314 181092 187562 191049 194536 187562 204973 208460 211177 214664 211177 225286 231249 234736 238223 231249 237689 241176 244663 240787 240787 249256 252743 256230 249323 249323 258459 260351 263838 267325 260351 267685 270018 273505 276992 270018 288428 290576 294063 297550 290576 296944 300431 304596 308083
100 4197
5774 18468 22665 26862 20580 24777 20580 33382 37579 41776 39315 43512 39315 42056 50602 54799 58996 46253 50602 53667 56825 61022 65219 57864 56825 62773 66970 71167 72535 76732 72535 82585 92170 96367 100564 86782 92170 107388 111585 115782 109433 113630 109433 119488 129263 133460 137657 123685 129263 145481 146438 150635 154832 149678 146438 155500 159697 157483 161680 165877 157483 168419 172616 176813 177492 181689 177492 187638 194033 198230 202427 191835 194033 201948 206145 203385 207582 211779 203385 210228 218399 222596 226793 214425 218399 235240 239744 244986 249183 252202 256399 257976 262173 266370 260596 253380 243941 248138 239437 243634
100 5282
1354 12085 17367 19601 24883 19601 30546 35828 41110 30953 30953 47433 52715 57997 49424 49424 64220 73750 79032 84314 73750 78259 86931 92213 97495 86931 94403 99685 104967 102977 102977 106572 111854 109309 114591 109309 123148 132999 138281 143563 132999 140335 148374 153656 158938 148374 154901 163533 168815 174097 163533 174059 179341 184623 183748 183748 189172 194454 199736 198465 198465 206890 214849 220131 225413 214849 221700 230646 235928 241210 230646 233602 241483 246765 252047 241483 251766 257048 252208 257490 252208 260889 267956 273238 278520 267956 281029 283777 289059 294341 283777 294500 296113 301395 306677 296113 306223 311505 316787 312468
100 3125
10330 13618 16743 19868 13618 15789 18914 22039 19470 19470 31499 34624 35646 38771 35646 48307 51432 54557 55872 55872 72235 75360 80266 83391 80266 96731 98559 101684 104809 98559 108359 111484 114609 113661 113661 118564 121689 124814 127953 127953 129392 132517 134986 138111 134986 142349 143924 147049 150174 143924 156873 159998 163123 159346 159346 172936 176061 179186 173281 173281 180340 188607 191732 194857 188607 198610 201735 204860 207570 207570 218377 225892 229017 232142 225892 236747 243418 246543 249668 243418 253664 256789 259914 254546 254546 260295 263420 264581 267706 264581 272078 275203 275515 278640 275515 291069 294194 297319 300878 300878
100 598
13689 14287 14885 21163 21163 26690 27288 33591 34189 34787 33591 41726 42324 42922 47237 47835 47237 62214 62812 65091 65689 66287 65091 79135 82877 83475 84073 79733 82877 100522 101120 105899 106497 107095 105899 117367 124304 124902 125500 117965 124304 136976 137574 138172 137885 138483 137885 147356 149101 149699 150297 147954 149101 156889 164608 165206 165804 157487 164608 176903 182615 183213 183811 177501 182615 197045 203408 204006 204604 197643 203408 211872 216639 217237 217835 212470 216639 230209 234880 235478 236076 230807 234880 247499 248097 255368 255966 256564 255368 259113 264578 265176 265774 267283 269025 269623 270221 267881 268479 259711
100 1496
8509 14023 21698 23194 24690 21698 32354 34928 36424 37920 34928 48339 56688 58184 59680 56688 64632 65526 67022 68518 65526 77200 85383 86879 88375 85383 100536 107565 109061 110557 107565 123235 130512 132008 133504 130512 144349 150036 151532 153028 150036 155605 157101 160717 162213 160717 170386 171882 177865 179361 177865 194201 195697 200631 202127 200631 208945 213571 215067 216563 213571 223146 223656 225152 226648 223656 231909 233405 234901 233696 233696 245338 248996 250492 251988 248996 256080 261091 262587 264083 261091 275409 276905 278401 284035 284035 298459 299955 302000 303496 302000 312888 314384 317549 319045 317549 320559 330305 331801 333297
100 9657
6375 16032 6375 21524 22617 32274 41931 22617 33564 40196 49853 59510 40196 49656 59313 53173 62830 53173 57028 61232 70889 80546 61232 68712 72488 82145 91802 72488 80803 90460 100117 84187 84187 94309 103966 100450 110107 100450 105896 114175 123832 133489 114175 124231 133888 132605 142262 132605 139617 145342 154999 164656 145342 151883 161540 171197 157334 157334 168460 178220 187877 197534 178220 188332 194095 203752 213409 194095 204092 205521 215178 224835 205521 217122 226779 218432 228089 218432 232997 242654 236891 246548 236891 242556 252213 261870 244952 244952 259104 268761 263050 272707 263050 267271 276928 286585 268129 268129 279563 289220
100 7559
7469 15261 22820 30379 15261 21446 29005 29455 37014 29455 43962 51521 53951 61510 53951 58659 59541 67100 74659 59541 74269 81828 89387 82544 82544 86445 94004 87205 94764 87205 98509 106068 102049 109608 102049 112622 119454 127013 134572 119454 125144 134952 142511 150070 134952 142138 148862 156421 163980 148862 153737 161296 161096 168655 161096 170174 179784 187343 194902 179784 194332 201891 198342 205901 198342 212137 215995 223554 231113 215995 228044 229891 237450 245009 229891 243475 244402 251961 259520 244402 258496 266055 262010 269569 262010 274333 281892 275637 283196 275637 291525 299084 306643 292224 292224 297246 304805 302051 309610 302051
100 3608
18354 18354 20992 29245 32853 36461 24600 29245 37792 41400 45008 40762 44370 40762 51054 57224 60832 64440 54662 57224 67993 71601 75209 69066 72674 69066 83445 88325 91933 95541 87053 88325 100738 104346 107954 110684 114292 110684 127749 131684 135292 138900 131357 131684 147483 151091 155983 159591 163199 155983 163018 172273 175881 179489 166626 172273 185053 188661 189703 193311 196919 189703 198612 200841 204449 208057 202220 200841 203842 207450 211058 205154 208762 205154 220349 223957 227565 221983 225591 221983 234237 236280 239888 243496 237845 236280 251632 255240 254558 263508 265656 269264 275393 279001 282609 272872 267116 270724 258166 261774
100 4743
11779 16522 21265 11779 23538 28281 32418 37161 32418 40805 48313 53056 57799 48313 59559 64302 69045 59619 59619 72936 77679 79932 84675 79932 86197 93175 97918 102661 93175 103788 108531 109318 114061 109318 124753 129496 134239 126969 126969 132407 137150 142077 146820 142077 155748 160491 165234 163435 163435 173220 177963 182170 186913 182170 189368 194111 192866 197609 192866 201589 208851 213594 218337 208851 224628 229371 231413 236156 231413 236312 241055 245936 250679 245936 247397 252140 256883 251579 251579 261812 262154 266897 271640 262154 266933 271676 270427 275170 270427 272821 277564 282307 277684 277684 291523 295311 300054 304797 295311 310059
100 5601
14189 19790 14750 20351 23258 28859 34460 25952 23258 38012 43613 47029 47872 53473 59074 52630 58231 49214 47872 61748 71657 77258 82859 75263 80864 86465 67349 72950 75263 79911 85512 91113 89820 95421 94293 99894 105495 101022 94293 104450 104732 110333 107509 113110 118711 115934 110051 115652 107509 114765 120366 125967 118733 124334 123542 129143 134744 129935 123542 126211 131812 135546 144466 150067 155668 141147 146748 137413 144466 155406 164977 171545 177146 182747 170578 176179 161007 166608 171545 182703 183401 192720 198321 203922 189002 194603 188304 193905 192720 201695 207296 212897 202879 207423 213024 218625 208480 214081 207423 216252
100 7123
2367 4731 6263 13386 20509 11854 18977 6263 9763 16886 18119 18690 25813 32936 25242 32365 24009 18690 21945 30137 37260 36188 43311 50434 44383 29068 36191 36188 47809 48316 57122 64245 71368 55439 62562 54932 62055 57122 63305 69518 78598 85721 92844 76641 83764 70428 77551 78598 90730 97853 104976 100079 107202 114325 105180 112303 119426 105180 113471 120594 127717 117415 124538 119549 126672 133795 131661 119549 124346 131469 138592 126258 127617 134740 141863 133381 140504 127617 138535 141301 148424 155547 145658 152781 144976 152099 159222 144976 162779 169902 177025 170837 177960 179067 186190 193313 185083 179067 186155 193278
100 6290
9703 9968 16258 19758 26048 32338 22548 22000 28290 34580 31408 37698 43988 32237 38527 44817 15993 22283 32237 48570 52080 55572 61862 68152 58370 64660 64040 68356 74646 80936 73228 79518 85808 70330 76620 54860 78872 85162 78872 82816 89106 84012 88823 90787 97077 103367 95113 101403 96981 103271 109561 97738 103833 110123 116413 104028 110318 90302 103833 117592 126444 132734 139024 123882 127491 133781 140071 130172 130534 136824 143114 139806 148217 149814 156104 162394 154507 160797 149814 154206 160748 167038 166173 168862 175152 181442 172463 178753 173044 173911 180201 186491 179334 174871 181161 187451 185624 173328 174871 182385
100 7384
9962 17346 24730 13828 21212 19187 26571 22624 30008 37392 33955 28596 22624 36421 40948 49764 57148 64532 50550 57934 58058 59358 66742 59877 67261 74645 74126 65442 72826 65318 48332 55716 59877 76636 82050 83377 90761 90753 92716 100100 107484 98137 105521 98145 101641 109025 104538 111922 119306 116409 89434 96818 104538 114094 121478 128862 116769 122638 130775 138159 137347 141044 145668 153052 160436 148428 155812 144731 152115 145543 130022 137406 145668 157243 164627 164158 171542 168249 175633 174041 181425 180568 188279 195663 190558 197942 205326 203047 187952 195336 188809 183017 190558 201062 208446 215830 208982 216366 209824 217208
100 2673
11855 15120 17793 20466 15120 16206 18879 25978 28651 31324 25978 42690 44335 47008 49681 45363 44335 49992 57484 60157 62830 52665 57484 71864 74537 77210 75856 78529 75856 82263 84936 87609 88094 90767 88094 100255 102928 108092 110765 113438 108092 124272 126945 131166 133839 136512 131166 140144 142817 145490 142980 145653 142980 150737 153410 156083 153551 156224 153551 161337 167850 170523 173196 164010 167850 174211 174606 177279 179952 176884 174606 186417 189090 191763 190859 193532 190859 193106 193499 196172 198845 195779 193499 203961 206634 208707 211380 214053 208707 210418 213091 218914 221587 221566 224239 226912 224260 225475 228148 230821
100 6621
9188 16293 17455 24076 17799 24420 31041 30697 22914 29535 17799 26125 29409 36030 31870 38491 45112 42651 32746 39367 31870 49402 56023 50696 54638 61259 67880 57317 63938 62644 54638 64089 70710 77331 73101 79722 86343 78732 85353 91974 78732 83519 89723 96344 96886 103507 110128 102965 90140 96761 96886 109882 109974 116595 116042 122663 129284 123216 116503 123124 116042 120164 126785 122277 130338 136959 143580 128898 135519 133406 130338 145330 146365 152986 146410 153031 159652 159607 151951 158572 146410 154528 161149 161677 163632 170253 176874 168298 174919 167770 163632 168051 174672 181293 173795 180416 187037 176895 183516 190137
100 8106
16303 24178 32284 33862 41968 50074 40390 24409 33862 46247 54353 62459 50403 53463 61569 69675 58509 66615 53463 60931 69037 77143 65501 66508 74614 82720 73607 81713 66508 71746 76917 78821 86927 95033 85023 93129 79852 87958 78821 93248 98148 104955 113061 121167 106254 114360 101354 109460 104955 113140 119433 127539 121568 129674 137780 135645 121246 129352 121568 140405 141075 150628 158734 166840 149181 157287 148511 156617 150628 161841 163984 172980 181086 189192 172090 180196 169947 178053 172980 182408 190794 198900 207006 195469 203575 211681 190514 198620 195469 207887 215993 224099 212582 220688 228794 213568 221674 229780 213568 222638
100 8369
4517 12886 21255 12720 21089 29458 12720 27711 32641 41010 49379 35673 44042 44178 53955 60438 68807 77176 62324 70693 62185 70554 78923 52547 60916 52411 62185 78193 79878 88247 96616 86562 94931 81962 86910 95279 103648 94496 98738 104809 113178 121547 107107 115476 102865 111234 104809 113133 121502 119264 120283 129132 131305 139332 147701 156070 139674 140076 148445 156814 148043 137501 145870 128652 137021 127633 140076 151285 153364 161733 159482 163801 171806 180175 188544 178562 186931 187800 196169 204538 195300 172170 180539 167851 176220 170102 187800 200825 209144 217513 225882 209194 218737 227106 219135 225508 233877 242246 227504 235873
100 7825
2792 10617 8973 16429 18314 23364 31189 39014 26139 33964 24254 32079 16798 23364 30123 39465 47290 48831 55208 63033 59717 62843 70398 78223 86048 70668 78493 67542 75367 70858 56656 64481 55115 70398 78626 86451 94276 79994 88142 92544 98091 98626 106451 102463 110288 118113 114276 105916 113741 100369 108194 95967 103792 102463 115946 124226 132051 130443 131290 139115 146940 138268 146093 138199 147603 155428 148373 156198 164023 163253 146024 153849 139876 148373 155943 163554 164312 172137 179962 168814 170487 173743 176354 184179 192004 181568 189393 178312 186137 176639 184464 171379 179204 176354 191020 198845 198081 205906 213731 206670
100 8878
2784 11662 20540 9535 18413 27291 9535 17631 26509 35387 20360 28625 37503 46381 29238 38116 28625 44001 52879 61757 45798 46855 55733 64611 54676 63554 46855 61504 70382 67068 75946 76352 85230 94108 84824 79260 76352 82079 90957 99835 82091 90969 99847 90021 98899 107777 90021 96134 105720 114598 123476 109355 118233 127111 105012 113890 109355 126646 136577 137703 146581 155459 145455 154333 135524 144402 137703 151621 160499 153337 162215 171093 161079 169957 178835 169377 161079 163919 171519 180397 181211 190089 198967 189275 172797 181675 181211 192017 200895 209773 193804 202682 196248 205126 214004 211560 196248 206407 215285 224163
100 9726
4743 14469 24195 5828 11704 21430 31156 11704 28572 38298 35126 44271 53997 63723 44852 54578 48024 44271 55961 65687 75413 56299 66025 75751 57988 67714 77440 57988 65432 75158 84884 70217 79943 89669 74726 84452 94178 74726 84288 94014 93764 99616 109342 119068 103490 113216 103740 99616 105037 114763 124489 114665 124391 119788 129514 139240 134117 119788 127036 129178 138904 130060 139786 149512 148630 136762 146488 130060 144061 153787 163513 148175 153541 163267 172993 157901 167627 153541 161800 171202 180928 190654 171526 181252 172171 181897 191623 172171 180096 184318 194044 203770 189822 186532 196258 205984 199548 186532 196497 206223
100 2864
18905 21769 24633 19468 19468 38349 41233 44097 46961 41213 41233 53347 63306 66170 69034 56211 63306 76213 79518 82382 85246 79077 79518 87917 92230 95094 97958 90781 92230 107569 113340 116204 119068 110433 113340 128464 132091 134955 137819 131328 132091 141997 144314 147178 150042 144861 144314 152944 160456 163320 166184 155808 160456 176059 178923 181787 183140 186004 183140 193416 203304 206168 209032 196280 203304 217630 220494 221232 224096 226960 221232 229637 232501 235365 231508 234372 231508 243774 244780 247644 250508 246638 244780 251385 255318 258182 261046 254249 255318 264574 267438 270302 273204 276068 278932 278817 282433 285297 288161 281681
100 2315
9492 12280 14595 16910 11807 12280 13957 16272 18587 15315 17630 15315 22400 24715 27030 26888 29203 26888 39847 42162 44477 43088 45403 43088 56447 57066 59381 61696 58762 57066 69965 72280 74595 74270 76585 74270 84813 87128 87505 89820 92135 87505 98410 101575 103890 106205 100725 101575 111315 113630 111652 113967 116282 111652 125233 133462 135777 138092 127548 133462 137087 141339 143654 145969 139402 141339 151557 157546 159861 162176 153872 157546 172362 176406 178721 181036 174677 176406 186206 187615 189930 192245 188521 187615 193350 202779 205094 207409 195665 202779 204616 211397 213712 216027 206931 217911 220226 222541 218811 221126
100 9504
13274 15796 20519 30023 39527 25300 34804 22778 32282 20519 30584 37290 45779 55283 64787 46794 56298 40088 49592 45779 53126 62630 58058 67562 77066 72134 62706 72210 81714 62706 81598 82748 89279 98783 108287 92252 101756 91102 100606 89279 103234 107671 110875 120379 129883 117175 126679 112738 122242 110875 117525 120789 130293 128754 138258 147762 139797 127029 136533 128754 140882 150386 145177 149155 158659 168163 154681 164185 159890 149155 157583 167087 176591 165081 171960 181464 190968 174585 184089 171960 181332 190836 200340 189110 198614 191323 200827 210331 208118 191323 197556 207060 216564 197989 207493 216997 201817 211321 220825 201817
100 8159
3354 11513 3354 20914 29073 24095 27579 35738 43897 32254 40413 37232 27579 32113 40272 48431 34851 42288 50447 58606 43010 51169 42288 51990 60149 68308 58697 66856 61465 69624 77783 75015 61465 79059 87218 85903 86989 95148 103307 94062 102221 95377 86989 95925 104084 104624 105306 113465 121624 112783 120942 112243 105306 107976 116135 108833 110849 119008 127167 116992 125151 124294 110849 122038 131086 139245 136839 144998 153157 147404 130197 138356 136839 142846 151005 150002 158161 166320 159091 167250 175409 159164 159091 165363 173522 181681 171872 180031 188190 179061 187220 195379 179061 187299 187837 190871 199030 207189 195996 204155
100 7144
12064 12064 21613 28757 35901 29286 29286 44807 46637 53781 60925 46637 66141 71825 78969 86113 71825 83213 93159 100303 107447 93159 109678 116822 123966 118067 118067 122688 128338 135482 142626 128338 141464 148608 155752 146050 146050 161629 166065 173209 180353 166065 176065 185831 192975 200119 185831 200044 207188 202128 209272 202128 213217 222018 229162 236306 222018 231176 241061 248205 255349 241061 247147 249174 256318 263462 249174 265623 272767 270090 277234 270090 279034 280871 288015 295159 280871 296431 301273 308417 315561 301273 306899 314043 321187 308904 308904 327109 330842 337986 345130 330842 342220 349364 349801 356945 349801 360898 368042 375186
100 6124
6146 11311 18167 24291 30415 17435 23559 12270 18394 18167 25311 31435 37559 26389 32513 35748 41124 47291 53195 59319 65443 58249 64373 70497 53415 59539 47248 53372 41872 58249 73470 79594 85718 76497 82621 88745 85185 91309 89036 91585 95775 105330 111454 117578 101899 108023 97709 103833 95160 105330 119935 126059 124399 130523 136647 132183 132188 138312 144436 139013 145137 151261 139478 142952 149076 155200 145602 151726 143548 143548 149311 153979 160103 166227 155435 161559 158226 164350 167745 173869 179993 170474 171583 177707 177364 183488 181395 187519 193643 181395 193743 199867 200131 206255 202663 208787 214911 212522 218646 224770
100 9893
13676 23569 33462 13676 27948 37731 38651 48544 58437 47624 57517 37841 47734 38651 46722 53814 56485 66378 76271 63707 73600 56615 66508 56485 67721 76964 86857 77003 86896 96789 96750 77614 87507 77003 82241 84830 94723 85517 95410 105303 104616 92134 102027 85517 91810 94318 101185 111078 120971 104211 114104 101703 111596 101185 111252 121145 131038 116813 126706 120719 130612 140505 136599 120719 132001 132411 142304 142063 151956 161849 152197 141894 151787 142063 157998 163877 173770 183663 168213 178106 187999 167891 177784 168213 175800 183039 187367 197260 207153 192932 202825 185693 195586 187367 190175 196094 205987 215880 200068 209961
100 7241
7786 15027 15420 22661 15420 28039 35280 42521 34810 42051 34810 40776 48017 55258 42582 49823 42582 49782 52603 59844 67085 57023 52603 67651 68073 75314 82555 74892 68073 72036 79028 86269 93510 79277 79028 89889 92638 99879 107120 97130 92638 97683 99378 106619 113860 104924 99378 112094 112313 119554 126795 119335 112313 118852 126617 133858 141099 126093 126617 141500 142842 150083 157324 148741 142842 152298 159539 166780 158038 165279 158038 161344 168585 175826 166572 173813 166572 178144 185385 192626 186834 194075 186834 199767 203870 211111 218352 207008 203870 209157 210897 218138 213920 220464 227705 234946 221161 228402 225379 216398
100 3552
8654 18430 21982 25534 24747 28299 29058 32610 36162 31851 29058 34636 36839 40391 46767 50319 53871 43943 38188 41740 46767 57441 59664 63324 66876 70428 63216 66768 60993 64545 63324 71109 74661 78213 74132 77684 81236 80705 84257 87809 80705 93029 98726 99171 102723 106275 102278 105830 96581 100133 99171 104916 111237 114789 118341 108468 115993 119545 123097 112020 115993 134798 139177 142729 142715 146267 149819 146281 138350 141902 142715 146716 153768 160121 163673 167225 157320 160872 150268 153820 160121 171212 174764 178316 178560 186672 190224 193776 182112 185664 186672 195286 198838 202390 198864 202416 205968 206866 210418 213970
100 4290
7118 11408 7118 18884 21389 26792 31082 35372 25679 29969 23174 27464 26792 35613 36440 40730 45020 39903 39461 43751 48041 44193 39461 46580 52078 56368 60658 50870 55160 59677 63967 68257 59677 74029 78319 82609 83042 87332 85690 89980 94270 91622 85690 97363 103277 108486 112776 117066 107567 111857 101653 105943 108486 113239 117529 121819 115738 120028 124318 117608 121898 126188 117608 121485 125490 129780 131615 135905 140195 134070 125775 130065 131615 140171 149659 153949 158158 162448 166738 158239 144461 148751 158158 169054 173344 171580 177531 181821 186111 175870 180160 177634 177531 187902 194144 198434 202724 195996 200286 204576
100 9016
7488 12104 21120 30136 12104 20466 29482 24164 33180 42196 24164 31386 40402 36189 45205 54221 36189 47639 56655 65671 51191 60207 51191 64466 69515 78531 87547 73482 69515 72130 78541 87557 96573 81146 78541 92953 93202 102218 111234 101969 93202 104198 113214 105455 114471 123487 105455 115225 124241 122163 131179 140195 122163 131815 141031 150047 159063 140831 141031 153567 162583 162050 171066 180082 162050 171012 180565 189581 198597 180028 180565 185245 191040 200056 209072 194261 191040 203945 212961 212221 221237 230253 212221 229600 236959 245975 254991 238616 236959 246053 252883 261899 270915 261209 263580 272596 281612 270225 279241 255069
100 4903
14177 19080 18098 23001 18098 20992 25895 30798 21609 26512 21609 35455 40358 41078 45981 50884 41078 45525 53356 58259 63162 50428 53356 58597 63500 65476 70379 75282 65476 70156 75059 78569 83472 88375 78569 85925 86861 91764 96667 90828 86861 100594 102015 106918 111821 105497 102015 110031 112200 117103 122006 114934 112200 117207 122110 127013 124470 129373 124470 134503 139406 144309 136842 141745 136842 155507 160410 165313 162557 167460 162557 171399 171694 176597 181500 176302 171694 180701 190525 195428 200331 185604 190525 201919 206822 202157 207060 211963 202157 204828 209731 214634 208944 213847 218750 216673 222073 226976 231879 221576
100 4478
7631 15839 20317 24795 12109 16587 15839 26271 30749 35227 30601 35079 39557 39859 44045 47607 52085 56563 48523 53001 44337 54313 58791 63269 48815 57389 57389 70812 75290 78193 83261 85009 89487 93965 87739 92217 82671 87149 79768 85664 90142 86231 90709 95187 88717 93195 88717 97357 101835 99313 103791 105049 105512 113580 118058 113585 118063 116242 120720 125198 122541 122536 109990 114468 109527 114005 116242 119895 124238 129649 133754 138232 142710 134120 138598 142080 143204 147682 152160 146558 151036 143076 134127 138605 128716 133194 143204 155054 157055 161533 166011 159532 164010 162112 165508 165652 170130 174608 169986 174464
100 4459
11196 11196 14733 19192 21767 26226 30685 23651 27031 31490 35949 27031 38308 45313 52627 57086 61545 49772 54231 42767 47226 52627 63952 68411 72870 69500 78603 83062 87521 73959 78418 78603 86096 86840 91299 95758 90555 87628 92087 96546 95014 87628 96111 96358 99145 103604 108063 100817 105276 100570 105029 99145 110545 114715 119894 124353 128812 119174 123633 115004 119463 119894 128922 132250 136709 136808 141267 145726 141168 133381 137840 136808 147558 153572 158031 162490 152017 157983 162442 166901 156476 157983 167549 175615 176493 180952 185411 180074 184533 172008 176467 176493 186658 195489 199904 204363 208822 199948 204407 191117
100 1762
11829 13591 21052 22814 24576 21052 25566 27328 29090 26846 28608 26846 35870 37632 39394 39716 41478 39716 46851 48613 50988 52750 54512 50988 63706 64337 66099 67861 65468 64337 78976 81466 83228 84990 80738 81466 94180 99456 101218 102980 95942 99456 114931 124144 125906 127668 116693 124144 132682 138459 140221 141983 134444 138459 150051 151387 153149 154911 151813 151387 158107 160803 162565 164327 159869 160803 164248 166719 168481 170243 166010 166719 177688 179450 187451 189213 190975 187451 195843 197605 200862 202624 204386 200862 205015 206777 208539 213948 215710 213948 225956 227718 234898 244836 246598 246091 247853 249615 248360 236660
100 1491
9294 24918 27813 29304 30795 29694 31185 32676 26409 27900 29694 46497 47988 49479 49721 51212 50950 52441 53932 52703 50950 59636 64901 74638 76129 77620 66392 67883 61127 62618 74638 80769 82334 83825 91740 93231 94722 85316 82260 83751 91740 97869 99360 100851 99865 105585 107076 108567 101356 102847 105585 115443 123988 125479 131120 132611 134102 126970 116934 118425 131120 139350 140968 142459 147203 148694 150185 143950 140841 142332 147203 166088 167579 174703 179015 180506 181997 176194 177685 169070 179015 193171 194662 196153 201393 202884 207961 209452 210943 204375 207961 208545 209904 216752 218243 219734 211395 212886 210036 211527
100 1905
7759 7759 12241 14146 16051 22093 22093 25051 30663 32568 34473 30663 40012 41917 41032 42937 41032 51522 53427 55332 60985 60985 68827 70732 73623 75528 73623 86492 93835 95740 97645 93835 103824 105729 112160 114065 112160 120065 125489 127394 129299 125489 142708 148656 150561 152466 148656 160202 162107 160832 162737 160832 166718 168623 168663 170568 168663 182544 186392 188297 190202 186392 192145 194050 200010 201915 200010 204373 206278 208824 210729 208824 218911 220816 222721 226545 226545 233066 238548 240453 242358 238548 255180 257085 258990 257952 257952 269105 278999 280904 282809 278999 283261 285012 286917 288822 285012 295087 296992 298897
100 6306
12603 22239 28545 34851 28839 35783 42089 48395 35145 41451 35783 41042 42046 47006 55909 65377 74113 83339 89645 95951 80419 86725 71683 77989 62215 68521 53312 59618 48352 54658 83339 89587 95893 102199 89636 95942 102248 95155 97016 103322 101851 111477 120790 127096 133402 117783 124089 108157 114463 109628 120790 134118 140424 146730 136191 145484 151790 158096 150361 156667 162973 159021 165327 161404 169158 175464 181770 167710 174016 171633 169158 184336 192440 193510 199816 206122 198746 195627 201933 204515 210821 217127 211342 217648 219631 225937 232243 223954 208239 205052 219631 225688 231724 238030 244336 233235 239541 245847 231994 238300
100 9220
2374 11594 20814 3250 3250 12990 15636 24856 34076 15636 21731 25904 35124 44344 25904 37124 46344 55564 45848 45848 59248 60121 69341 78561 60121 65017 66259 75479 84699 66259 76802 86022 95242 83619 83619 89942 99162 91295 100515 91295 102478 111698 107956 117176 107956 124051 131365 140585 149805 131365 141405 150625 143503 152723 143503 154229 162502 171722 180942 162502 174392 178764 187984 197204 178764 188418 197638 206858 189505 189505 200652 209872 219092 200667 200667 206690 215910 211933 221153 211933 222900 231114 240334 249554 231114 242924 252144 261364 243398 243398 251916 253572 262792 272012 253572 263281 272501 266779 275999 266779
100 124
17029 17153 17277 17029 22160 31213 31337 31461 31213 43377 43501 43625 50769 50769 65454 65578 75305 75429 75305 81058 83190 83314 83438 83190 93062 93186 93310 100395 100395 110930 111054 111772 111896 111772 124490 125547 125671 125795 125547 134622 134746 134870 139782 139782 150106 150230 150354 159854 159854 170091 179744 179868 179992 179744 196819 196943 197067 196928 196928 212562 212686 220550 220674 220550 231629 231753 231883 232007 231883 241021 245145 245269 245393 245145 254721 254845 257763 257887 257763 267114 267238 267362 269340 269340 284140 293616 293740 293864 293616 302262 308472 308596 308720 308472 322617 325023 325147 325271 325023 335617
100 7680
7981 15661 23341 10836 18516 12252 19932 12252 25318 30027 30953 38633 46313 37707 45387 32998 40678 30953 40020 47700 55380 47595 55030 62710 70390 55275 62955 55030 71878 79558 87238 74375 80527 88207 95887 82055 89735 80527 93265 100945 108625 98913 104640 112320 120000 106593 114273 104640 111118 118798 119045 119965 127645 135325 126725 134405 126478 119965 127141 134821 142501 133094 138923 146603 154283 140774 148454 138923 149234 156914 155524 163204 160662 168342 176022 170884 164594 160662 170937 171668 179348 174397 182077 189757 187028 178617 186297 174397 188160 195840 203520 188261 195941 203621 193939 201619 209299 193939 196067 203747
100 8464
11225 17291 25755 34219 17291 29085 37549 46013 36401 44865 44467 52931 61395 53329 44467 55608 64072 59661 63189 71653 80117 68125 76589 72536 63189 76240 81896 86211 94675 103139 90360 98824 84704 93168 86211 99247 101786 110250 118714 107711 116175 101889 110353 118817 101889 110613 119077 112177 117242 125706 134170 120641 129105 127541 117242 120327 124298 132762 132320 140784 149248 141226 128791 137255 132320 135360 143824 152288 136472 144936 141898 150362 158826 153400 141898 154037 161959 162088 170552 179016 170423 178887 162501 170965 162088 163910 172374 180838 169570 176199 184663 193127 178034 186498 176199 185155 193619 202083 193010 201474
100 6595
1675 15423 20134 26729 33324 20134 29706 36301 42896 37937 37937 46805 53400 59995 49754 49754 61472 66956 73551 80146 66956 72006 78601 81414 88009 81414 93285 99457 106052 112647 99457 111985 115065 121660 128255 115065 122985 126097 132692 139287 126097 143510 150105 147121 153716 147121 154895 164343 170938 177533 164343 180432 185352 191947 198542 185352 201493 202300 208895 215490 202300 216841 223436 230031 225050 225050 238862 245457 246864 253459 246864 255105 261700 268295 256926 256926 275320 281915 283050 289645 283050 294723 301318 295074 301669 295074 307818 314413 310051 316646 310051 319339 325106 331701 338296 325106 331685 339784 346379 352974
100 7335
7585 14920 16609 23944 16609 25094 32572 37812 46101 53436 60771 50453 57788 54072 62328 69663 76998 61407 68742 65123 45147 52482 39907 47242 62328 71552 78887 73978 81313 88648 79877 82722 90057 97392 89915 90424 95748 103083 110418 97759 105094 97250 104585 87212 95748 99019 106221 110680 118015 118702 122800 130135 137470 125886 133221 140556 126037 133372 131404 138739 146074 125350 113556 120891 131404 146580 153915 161250 152568 157103 165985 174578 181913 189248 178109 184508 191843 199178 185444 192779 173320 180655 164438 171773 184508 196444 197477 202896 209957 212550 219885 227220 217292 224627 210231 217566 204812 212147 203779 211114
100 7505
212550 215119 220055 217264 227560 222134 230842 229639 235681 237144 242080 243077 249585 247314 257090 254282 256022 261787 260814 269292 265404 272304 272909 281172 280414 288988 289014 296493 290596 303998 300076 308593 307581 314993 315086 320223 330078 327728 332624 335233 339470 341403 346975 348994 354480 351974 354366 359479 357046 366984 366929 373177 374434 378425 381939 380451 381567 387956 381873 395461 385089 388955 392594 396608 400099 400411 407595 407916 416986 415421 425579 433703 433084 436344 440589 443803 449741 451308 452406 458813 457798 459566 465303 467098 472808 468888 475884 476393 483270 483898 487604 487796 495109 497113 502614 505389 508559 512894 516619 520399
100 1000000
756761 992218 1000000 203587 919226 214388 748824 420341 299336 514553 282587 707991 349798 418690 206002 488533 200179 755354 176082 65377 569064 955905 445294 53720 267595 505082 412353 138138 916996 745378 134540 673756 737595 138301 393694 1000000 869040 1000000 593513 168375 173422 392452 392718 523220 811141 598719 528104 527671 354073 704186 593048 439488 660090 554693 493207 927684 59775 421911 582173 976770 167288 233065 166877 421235 371365 560570 594407 240404 219439 704271 1000000 392861 613074 317847 432432 424214 1000000 960535 468237 303342 181072 577636 742829 357513 132328 752387 801549 192102 690649 383721 685223 374289 616785 368451 795523 504501 445373 906281 261256 664811
