100
100 0
747703 747703 747703 747703 747703 747703 747703 747703 747703 747703 747703 747703 747703 747703 747703 747703 747703 747703 747703 747703 747703 747703 747703 747703 747703 747703 747703 747703 747703 747703 747703 747703 747703 747703 747703 747703 747703 747703 747703 747703 747703 747703 747703 747703 747703 747703 747703 747703 747703 747703 747703 747703 747703 747703 747703 747703 747703 747703 747703 747703 747703 747703 747703 747703 747703 747703 747703 747703 747703 747703 747703 747703 747703 747703 747703 747703 747703 747703 747703 747703 747703 747703 747703 747703 747703 747703 747703 747703 747703 747703 747703 747703 747703 747703 747703 747703 747703 747703 747703 747703
100 0
7038 7038 7181 12046 15372 17301 17301 17301 26346 34533 34533 44220 53510 53510 53510 44220 44220 34533 26346 26346 15372 15372 12046 12046 7181 7181 7038 53511 56899 56899 56899 60310 66751 66751 70485 70485 75255 75255 75255 84638 89005 97204 100775 100775 100775 105339 105339 105339 107448 107448 107448 116689 122907 122907 126802 126802 126802 122907 116689 116689 128375 130443 133737 135123 135123 135123 135682 135682 136211 145062 145062 155050 160938 161995 161995 161995 160938 160938 155050 155050 145062 136211 136211 135682 133737 133737 130443 130443 128375 128375 97204 97204 89005 89005 84638 84638 70485 66751 60310 60310
100 0
6304 10673 14012 14012 14012 10673 10673 6304 6304 14013 14620 22098 22098 22098 29510 32829 36656 36656 40495 40495 40495 36656 32829 32829 29510 29510 14620 14620 47118 54909 56938 56938 56938 54909 54909 47118 47118 56939 63066 63066 69873 70419 79259 87325 96218 100446 100446 100446 96218 96218 87325 87325 79259 79259 70419 70419 69873 69873 63066 100447 106816 106816 106816 107012 107012 116877 126353 126353 129666 131424 131424 131424 129666 129666 136403 136403 136403 126353 116877 116877 107012 140436 140436 140436 148166 148166 153960 160280 160280 169319 169319 178553 178553 178553 169319 160280 153960 153960 148166 178554
100 0
15303 15303 15303 15304 22014 22014 22014 22015 27803 27803 27803 27804 33595 33595 33595 33596 40942 40942 40942 40943 46888 46888 46888 46889 48104 48104 48104 48105 57944 57944 57944 57945 59090 59090 59090 59091 60068 60068 60068 60069 64133 64133 64133 64134 68764 68764 68764 68765 72973 72973 72973 72974 78380 78380 78380 78381 85495 85495 85495 85496 94123 94123 94123 94124 101055 101055 101055 101056 105967 105967 105967 105968 112139 112139 112139 112140 113342 113342 113342 113343 122628 122628 122628 122629 128549 128549 128549 128550 128974 128974 128974 128975 129407 129407 129407 129408 131577 131577 131577 131578
100 0
7865 16008 23292 23292 23292 31025 31025 31025 16008 16008 33943 33943 33943 42151 47108 53400 53400 53400 47108 47108 59183 60327 60327 61594 65359 65359 65359 61594 61594 60327 72905 74133 75477 75477 82317 82317 82317 75477 74133 74133 88188 88188 88188 95108 96975 106752 106752 106752 96975 96975 107837 115821 115821 115821 123286 131860 131860 131860 123286 123286 140467 140602 140602 140602 140722 142199 142199 142199 140722 140722 147871 147871 153158 153158 160901 160901 165503 165503 165503 160901 166480 166480 166480 168540 177252 182888 182888 182888 177252 177252 191537 191537 195110 198957 207185 207185 207185 198957 198957 195110
100 0
1 1 1 4 4 4 7 7 7 10 10 10 13 13 13 16 16 16 19 19 19 22 22 22 25 25 25 28 28 28 31 31 31 34 34 34 37 37 37 40 40 40 43 43 43 46 46 46 49 49 49 52 52 52 55 55 55 58 58 58 61 61 61 64 64 64 67 67 67 70 70 70 73 73 73 76 76 76 79 79 79 82 82 82 85 85 85 88 88 88 91 91 91 94 94 94 97 97 97 232035
100 0
3015 9595 9595 9595 16903 21707 21707 21707 16903 16903 21708 31372 31372 31372 34905 42495 42495 42495 34905 34905 52304 52304 52304 62224 70705 70705 70705 62224 62224 70706 70707 74516 74516 74726 79540 79540 79540 74726 74726 74516 79541 85794 85794 85794 94977 94977 101466 101466 101466 94977 108887 111435 111435 117514 117514 117514 111435 108887 108887 117515 122446 122446 122446 127037 127037 132255 132255 132255 127037 132256 132257 133842 140436 140436 140436 133842 133842 147980 147980 147980 155358 155358 155358 159226 168283 168283 168283 159226 159226 168284 168285 168938 168938 168938 176769 176769 179283 179283 179283 176769
100 0
13522 13522 13522 24618 24618 24618 29946 29946 29946 36971 36971 36971 39866 39866 39866 49901 49901 49901 58626 58626 58626 64940 69095 69095 69095 64940 69095 73086 82130 82130 82130 73086 82130 90208 95502 95502 95502 90208 95502 103851 103851 103851 105289 105289 105289 119711 123825 123825 123825 119711 123825 137057 137057 142125 142125 142125 142125 152908 152908 155687 155687 155687 155687 171231 171231 171231 178587 178587 178587 188151 192711 192711 192711 188151 192711 198860 198860 198860 201475 201475 201475 212019 216595 216595 216595 212019 216595 220663 220663 223814 223814 232032 232219 232219 235183 235183 235183 232219 232032 232032
100 0
10648 10648 10648 20168 28667 34250 34250 34250 28667 28667 20168 20168 42894 49540 50277 50277 50277 55816 55816 55816 49540 49540 55816 68333 68333 68333 75665 79468 88053 88053 93847 101791 101791 101791 93847 93847 88053 79468 105089 105089 105089 79468 105089 114346 114346 114346 122499 122499 126994 135545 135545 135545 136949 141371 146275 146275 146275 141371 141371 136949 136949 126994 146275 158693 158980 158980 161647 169332 169332 170930 170930 170930 171905 175423 175423 175423 171905 171905 169332 161647 161647 158980 175423 186270 187615 189698 193146 199080 199080 199916 199916 199916 199080 193146 193146 189698 189698 187615 187615 186270
100 0
6291 6291 6291 6291 15901 15901 15961 15961 15961 23692 25005 25005 25005 25005 29800 36115 36115 36115 36115 42833 42833 42833 50546 50546 59328 61526 61526 61526 61526 75333 81936 81936 81936 81936 96661 104792 104792 104792 104792 110836 110836 117281 117281 117281 127039 133706 133706 133706 133706 147295 147295 148626 148626 148626 161165 166404 166404 166404 166404 169003 178283 178283 178283 178283 194961 198984 198984 198984 198984 204775 208486 208486 208486 208486 224476 224476 224476 228852 228852 233839 233839 240549 240549 240549 241120 241120 242816 242816 242816 251735 258691 258691 258691 258691 266370 267639 267639 267639 267639 273002
100 0
5412 9698 9698 9698 9698 21268 21268 28429 28429 28429 28429 41137 48873 48873 48873 41137 48873 66903 66903 72835 72835 72835 72835 86724 89982 89982 89982 86724 89982 105068 105068 105068 112700 112700 112700 117203 117203 117203 123400 123400 123400 136135 140451 140451 140451 136135 140451 151056 158201 158201 158201 151056 158201 167655 167655 168660 168660 168660 168660 179324 188827 188827 188827 179324 188827 202389 202389 202389 208768 208768 208768 222505 225328 225328 225328 222505 225328 235668 245492 245492 245492 235668 245492 260909 266221 266221 266221 260909 266221 280622 284353 284353 284353 280622 280622 286419 286419 291927 291927 291927
100 0
11490 11490 11490 11490 24560 30542 30542 30827 30827 30827 30542 24560 24560 30827 40138 45874 55025 55025 55025 45874 45874 40138 40138 55025 63413 72612 77904 77904 77904 72612 72612 63413 63413 77904 82330 82330 82330 83420 83420 83420 92729 92729 92729 92729 98563 98563 98563 100893 100893 100893 109203 109203 109203 109203 119827 122380 122380 122380 130576 130576 130576 119827 119827 130576 142900 148316 148316 148316 149070 149070 149070 142900 142900 149070 158129 158129 158129 161744 161744 170986 170986 170986 161744 170986 181327 181327 181327 189413 189413 189413 195700 195700 195700 195700 205153 205153 205153 214483 214483 214483
100 0
6514 6514 6514 20918 23929 31249 39570 47815 47815 48040 56865 56865 56865 48040 48040 47815 39570 39570 31249 31249 23929 23929 56865 73172 81623 89477 97287 106642 106642 106642 97287 113020 113020 122417 122417 122417 113020 97287 89477 89477 81623 81623 122417 132804 132804 141157 149077 149077 149077 158601 159833 166562 166562 166562 159833 159833 174671 174671 174671 158601 158601 141157 174671 177225 177233 177233 177233 177225 177225 184560 186683 188044 188044 188044 188090 188941 188941 188941 188090 188090 186683 186683 188941 198998 198998 198998 201088 201088 201088 202466 202466 205577 213378 215028 215028 215028 213378 213378 205577 205577
100 0
5725 5725 5725 5725 19099 22697 22697 22697 19099 19099 30843 30843 30843 30843 41987 48402 48402 49364 49364 49364 48402 41987 41987 49364 56697 56697 56697 61524 61524 70038 70038 70038 61524 70038 74345 74666 80408 80408 80408 74666 74666 74345 74345 80408 86946 96721 96721 98778 98778 98778 96721 86946 86946 98778 109435 113885 117249 117249 117249 113885 113885 109435 109435 117249 125141 133316 133316 133316 135608 135608 135608 125141 125141 135608 141203 148284 148284 148284 141203 141203 152432 152432 152432 152432 164697 164697 164697 167570 167570 168851 168851 168851 167570 168851 181870 181870 185269 185269 185269 181870
100 0
8424 13880 13880 13880 8424 8424 23529 23529 23529 30846 32796 32796 32796 35099 35099 39648 39648 39648 35099 39648 43150 43150 43150 45330 51857 51857 51857 45330 61626 61626 61626 63156 63156 70685 70685 71881 71881 71881 70685 71881 82077 82077 82077 91726 93688 93688 93688 99095 105198 110658 110658 111728 111728 111728 110658 105198 105198 99095 99095 111728 111957 111957 111957 120656 129610 137985 144050 144050 144050 151400 151400 158397 158397 158397 151400 137985 137985 129610 129610 158397 165620 165620 165620 169456 178909 187778 193045 193045 193045 187778 196213 196213 196213 204300 204300 204300 187778 178909 178909 204300
100 0
4608 8563 8563 8563 8563 21867 21867 21867 27489 37169 37169 42482 45875 52263 53120 53120 53120 52263 52263 45875 45875 42482 42482 37169 53120 67274 68067 68067 74401 81487 81487 83197 85493 85493 94491 94491 94491 85493 83197 83197 81487 74401 74401 68067 94491 101238 101238 108155 108155 108155 101238 109952 112265 113350 113350 113350 112265 112265 109952 119137 119137 119137 124893 124893 124893 133686 133686 133686 136632 142136 142136 142136 136632 142279 142279 151000 151000 152033 156161 156161 156161 152033 152033 151000 156161 161724 161724 165942 167282 167282 167282 165942 174365 174365 181602 181602 181602 174365 165942 161724
100 0
5581 5581 5581 5581 24309 24309 24309 25736 25736 38611 38611 38611 46794 46794 62026 67607 67607 67607 67607 80820 83598 83598 83598 83598 90963 97541 97541 97541 97541 110914 113008 113008 113008 113008 117388 120054 120054 120054 120054 138754 142227 142227 142227 142227 161223 161284 161284 161284 161284 175435 175435 175435 178480 178480 185072 185392 185392 185392 185392 192395 196837 196837 196837 196837 213787 216943 216943 216943 216943 231351 231351 238181 238181 238181 251509 251509 259582 259582 259582 267489 267489 276759 276759 276759 279633 279633 279633 283873 283873 301055 303002 303002 303002 303002 314761 317809 317809 317809 317809 328027
100 0
8334 8334 8334 8334 19766 19842 19842 19842 19842 35402 35402 42506 42506 42506 46350 46350 52086 52086 52086 56247 64689 64689 64689 64689 78501 78501 80713 80713 80713 91161 98794 98794 98794 98794 112720 117290 117290 117290 117290 127420 130371 130371 130371 130371 139371 139531 139531 139531 139531 143084 143084 143084 150332 150332 158124 158124 158124 165527 165527 172604 174365 174365 174365 174365 191883 192194 192194 192194 192194 205495 205495 205495 213631 213631 221556 228748 228748 228748 228748 245751 250583 250583 250583 250583 251190 256364 256364 256364 256364 266238 267780 267780 267780 267780 280913 280913 280913 286695 286695 304081
100 0
11827 11827 11827 12036 12036 17446 17446 17446 12036 17446 23092 23092 23092 28932 38105 38105 38105 28932 28932 38105 43467 43467 43467 44758 48912 48912 48912 44758 44758 48912 62687 62687 64458 65549 65549 65549 64458 64458 62687 65549 80228 90174 96619 96619 96619 90174 90174 80228 80228 96619 105878 105878 106977 106977 109290 109290 109290 106977 105878 109290 121402 121402 121402 128055 128055 128055 132349 132349 132349 132349 147116 155105 155105 155105 147116 158596 158596 158596 147116 158596 164672 164672 164672 172285 172285 179002 179002 179002 172285 179002 191789 191789 191789 197305 200056 200056 200056 197305 197305 200056
100 0
6197 20925 26788 27729 29394 29394 29394 29470 31445 31445 31445 39631 39631 39631 29470 29470 27729 27729 26788 26788 39631 44755 52606 59704 68911 70928 70928 70928 78963 80683 80683 80683 78963 78963 68911 68911 59704 59704 52606 52606 80683 89917 89917 96918 96918 98867 98867 102789 102789 102903 102903 104327 104327 112228 112228 112228 104327 102903 102789 98867 112228 124182 124182 128588 128588 133433 141151 141151 150558 150558 150558 141151 133433 133433 154374 159352 159352 159352 154374 154374 159352 168539 168539 177881 177881 180418 188955 193174 193174 202601 202601 205270 205270 205270 202601 193174 188955 188955 180418 180418
100 0
12650 12650 26948 26948 31111 31111 31111 37431 40968 40968 40968 40968 45809 45809 45809 54358 54358 65274 65274 65274 67422 67422 75644 75644 80576 80576 80576 88747 98628 98628 98628 98628 106432 108095 108095 108095 108095 119349 120297 120297 120297 120297 124525 128151 128151 128151 128151 146476 156382 156382 156382 156382 160519 160519 160519 163508 163508 171015 176010 176010 176010 176010 185139 185139 191972 191972 191972 199661 199661 199661 202372 202372 215388 215388 223697 223697 223697 230022 240009 240009 240009 240009 246390 250923 250923 250923 250923 263142 268462 268462 268462 268462 286121 289493 289493 289493 289493 301150 301150 301150
100 0
9759 10087 18109 18109 18109 10087 10087 9759 18109 25504 25504 34976 39191 45496 45496 54248 64136 64136 70573 70573 70573 64136 54248 54248 45496 39191 39191 34976 70573 75080 75080 78983 88169 88169 93129 93184 101573 101573 104860 104860 104860 101573 93184 93184 93129 93129 88169 78983 104860 121515 121515 121515 124762 124762 124762 132707 132707 132707 140538 140538 141157 146074 155094 155094 155094 146074 146074 141157 155094 173666 175056 184571 190457 190602 190602 190602 190457 190457 184571 197504 197504 206199 206199 206199 197504 184571 175056 175056 206199 213579 219901 227855 236653 236653 236653 227855 227855 219901 219901 213579
100 0
4388 12970 12970 12970 22753 22753 22753 33986 43507 43507 43507 33986 43507 51562 51562 51562 53395 53395 53395 64333 69100 69100 69100 64333 69100 73983 83925 83925 83925 73983 83925 98085 107161 107161 107161 98085 107161 122031 122031 122031 125086 125086 125086 138430 146409 146409 146409 138430 146409 160288 160288 164746 164746 164746 164746 175495 175495 182429 182429 182429 182429 188396 193291 193291 193291 188396 193291 205048 205048 214202 214202 214202 214202 225290 225290 234215 234215 234215 234215 240586 240586 240586 244426 244426 244426 252935 252935 256439 264141 270466 270466 270466 272576 272576 272576 264141 264141 256439 256439 252935
100 0
13528 13528 13528 13528 29029 31596 36117 36117 36117 31596 31596 29029 29029 36117 44125 44125 44763 54123 54123 54123 44763 44763 44125 54123 63103 63103 63103 71712 75139 75139 75139 71712 71712 75139 89319 92199 92199 92199 101673 101673 101673 89319 89319 101673 111597 117563 117744 117744 117744 117563 117563 111597 111597 117744 132026 132026 133183 133183 134976 134976 134976 133183 132026 134976 144820 148868 148868 151523 151523 151523 148868 144820 144820 151523 156106 156106 156106 165527 165527 175246 175246 175246 165527 175246 185354 185354 190580 190580 195985 195985 195985 190580 185354 195985 205343 209434 209434 209434 205343 205343
100 0
7526 15063 18277 18277 18277 18277 32016 32016 33114 33114 33114 47017 56560 56560 56560 56560 73235 76296 76296 76296 76296 85424 90194 90194 90194 90194 104365 104365 104365 113549 113549 125789 132078 132078 132078 132078 141751 141751 147261 147261 147261 156743 156743 156743 158137 158137 167988 167988 170458 170458 170458 181185 190277 190277 190277 190277 199503 199503 201867 201867 201867 211608 211608 216278 216278 216278 227181 236786 236786 236786 236786 244521 247290 247290 247290 247290 254520 259413 259413 259413 259413 265796 275519 275519 275519 275519 290443 290443 295739 295739 295739 299231 299231 300657 300657 300657 314059 314059 321935 321935
100 0
11028 20330 26003 26003 26003 20330 20330 11028 11028 26003 36672 36672 43429 43429 43429 36672 50573 50573 50573 50573 65691 65691 71093 78136 78136 78136 71093 71093 65691 78136 83035 84560 88830 88830 88830 84560 84560 83035 83035 88830 95812 99390 99390 99390 95812 104033 104033 104033 95812 104033 113058 114968 117153 117153 117153 114968 114968 113058 113058 117153 124540 128131 136280 136280 136280 128131 128131 124540 124540 136280 143419 150585 160447 160447 160447 150585 150585 143419 143419 160447 178383 178383 178383 181495 181974 181974 181974 181495 181495 181974 195921 198189 198189 198189 205559 205559 205559 195921 195921 205559
100 0
4542 16955 23467 23467 23467 23467 29737 29737 29737 36453 36453 46322 46322 46322 51566 51566 61836 62302 62302 62302 62302 67961 67961 67961 77340 77340 87165 87165 87165 93024 93024 106458 112959 112959 112959 112959 123679 123679 132748 132748 132748 142813 142813 142813 150717 150717 159483 163283 163283 163283 163283 172034 172034 172034 177706 177706 185277 185277 185277 194461 194461 200171 200386 200386 200386 200386 211328 211328 211328 215662 215662 226033 227111 227111 227111 227111 241057 241057 245689 245689 245689 256972 256972 256972 263595 263595 276540 277642 277642 277642 277642 287097 287097 287097 287503 287503 297549 302889 302889 302889
100 0
11161 11161 11161 11504 11504 19439 23781 23781 23781 23781 38473 38473 38473 43423 43423 50934 57642 57642 57642 57642 66279 66279 72219 72219 72219 76337 76337 76337 78880 78880 93413 95499 95499 95499 95499 103272 103272 105399 105399 105399 115938 115938 115938 119529 119529 134269 136184 136184 136184 136184 143131 143131 149691 149691 149691 156613 156613 164569 164569 164569 175059 179775 179775 179775 179775 189990 189990 196864 196864 196864 204810 214034 214034 214034 214034 221460 221460 221460 229236 229236 238371 243749 243749 243749 243749 255462 265424 265424 265424 265424 280458 287063 287063 287063 287063 299445 299445 299445 300727 300727
100 0
7393 11275 11275 18579 22532 23596 23596 23596 22532 28391 32351 36271 36271 36271 32351 32351 28391 28391 22532 18579 36271 49235 49235 53056 58928 65106 67170 72833 79091 79091 79091 72833 72833 67170 67170 65106 65106 58928 58928 53056 79091 85795 85795 95062 95062 101919 101919 103225 111613 115708 115708 115708 111613 116627 116627 116627 111613 103225 103225 101919 116627 129970 133282 133282 138656 144100 144100 147282 147282 147282 152224 152224 152224 161068 161068 161068 144100 138656 138656 133282 161068 176296 180456 187754 189023 193303 200413 200413 200413 209326 209326 209326 193303 193303 189023 189023 187754 187754 180456 180456
100 0
9126 9126 9126 15832 15832 18401 18401 18401 26519 26519 34469 39020 39020 39020 39020 53618 54726 54726 54726 54726 70298 70298 75471 75471 75471 89015 89015 89015 89978 89978 94137 103219 103219 103219 103219 105419 105419 108669 108669 108669 111742 111742 111742 111839 111839 118029 118029 118029 127295 127295 133585 133585 137915 137915 137915 147334 156923 156923 156923 156923 168064 173925 173925 173925 173925 186250 186250 186250 194574 194574 201475 201475 201475 206219 206219 212458 217404 217404 217404 217404 227071 227071 233867 233867 233867 241238 246411 246411 246411 246411 250566 250566 250566 255052 255052 257686 260263 260263 260263 260263
100 0
11812 11812 11812 11812 24055 27033 27033 27033 24055 27033 39163 39163 47913 47913 47913 47913 55979 55979 55979 65639 65639 65639 77359 79412 79412 79412 77359 79412 96625 97325 97325 97325 96625 97325 100183 100183 103342 103342 103342 103342 111741 111741 119651 119651 119651 119651 128829 131996 131996 131996 128829 131996 144226 144226 150763 150763 150763 150763 156263 160591 160591 160591 156263 160591 171092 171092 171092 175223 175223 175223 191096 191096 191096 191276 191276 191276 201222 207872 207872 207872 201222 207872 218460 224413 224413 224413 218460 224413 231884 231884 241186 243352 243520 243520 243520 243352 243352 241186 241186 231884
100 0
9849 9849 14328 16772 19436 26219 34878 34878 34878 26219 37225 44386 44386 44386 37225 37225 26219 19436 19436 16772 16772 44386 55087 55087 55087 62879 62879 62879 64795 64795 67679 73569 73569 77522 77759 77759 77759 77522 77522 73569 67679 77759 88286 88286 96405 99368 105198 105198 105198 111027 115767 119472 119472 119472 115767 115767 111027 111027 99368 99368 96405 119472 130928 130928 131442 135121 135121 136912 146502 146502 146502 136912 136912 152082 157482 157482 157482 152082 152082 135121 131442 157482 163091 163091 163091 168727 171764 179710 185557 185557 195366 195366 195366 185557 179710 179710 171764 171764 168727 168727
100 0
6296 6296 6296 15233 17877 17877 17877 15233 17877 32604 32604 34928 34928 34928 34928 49735 58336 58336 58336 49735 58336 68625 68625 68625 75880 75880 75880 84689 84689 84689 87257 87257 87257 95347 95347 95347 101789 101789 101789 112470 112470 119709 119709 119709 119709 125740 135284 135284 135284 125740 135284 148176 148176 156424 156424 156424 156424 164179 167950 167950 167950 164179 167950 171094 171094 171094 177168 177168 177168 187378 187378 189931 189931 189931 189931 200427 200427 200427 209006 209006 209006 216532 216532 222868 222868 222868 222868 235224 235224 242904 252526 252526 252526 257329 264423 264423 264423 257329 257329 242904
100 0
18548 18548 33018 36744 36744 36744 36744 38657 38657 39821 39821 39821 49071 49071 56629 56629 56629 62361 64572 64572 64572 64572 77011 83566 83566 83566 83566 91446 91446 91446 94962 94962 104966 104966 109918 109918 109918 124474 124474 130752 130752 130752 149048 149048 149048 151133 151133 156248 162438 162438 162438 162438 167533 177277 177277 177277 177277 189764 198109 198109 198109 198109 200768 206301 206301 206301 206301 218974 224071 224071 224071 224071 240356 240356 240356 240469 240469 250319 250319 257222 257222 257222 273506 273506 273506 277440 277440 278935 285201 285201 285201 285201 297690 297690 297690 306738 306738 314827 314827 314827
100 0
6584 6584 6584 15551 15551 34706 35753 43258 43258 49629 54590 56935 56935 66441 66441 66441 56935 54590 54590 49629 49629 43258 35753 35753 66441 77824 77824 86753 91089 91522 91522 99419 99419 106281 106766 106766 106766 106281 106281 99419 91522 91089 91089 86753 106766 119447 126390 126390 126390 119447 132301 137921 137921 137921 132301 132301 146528 150516 150516 150516 154517 154517 154517 146528 154517 162637 167701 172810 179877 186728 186728 186728 192070 192070 192070 179877 201510 201510 201510 179877 172810 172810 167701 167701 201510 208303 208303 208303 208577 213771 213771 217367 227158 227158 227158 217367 217367 213771 208577 208577
100 0
12209 12209 12209 25793 32725 32725 32725 32725 42194 45741 45741 45741 45741 57418 63962 63962 63962 63962 68910 75609 75609 75609 75609 83457 84114 84114 84114 84114 87607 89805 89805 89805 89805 101160 101160 103260 103260 103260 121052 121052 130858 130858 130858 142819 148304 148304 148304 148304 154934 160185 160185 160185 160185 171980 179208 179208 179208 179208 192413 198569 198569 198569 198569 211322 211322 211945 211945 211945 221553 222557 222557 222557 222557 226344 235011 235011 235011 235011 249815 254530 254530 254530 254530 263895 270234 270234 270234 270234 283173 283173 283173 284383 284383 288032 296282 296282 296282 296282 309120 309120
100 0
14948 14948 20419 20419 21165 21165 21165 21165 30580 30580 33897 33897 33897 33897 48720 49193 49193 49193 48720 49193 57076 61660 61660 61660 57076 61660 66766 66766 69413 69413 69413 69413 79588 89020 89020 89020 79588 89020 97946 97946 97946 100938 100938 100938 107245 108424 108424 108424 107245 108424 119572 129329 129329 129329 119572 129329 131852 131852 132953 132953 132953 132953 143020 143020 147512 147512 147512 147512 158915 158915 158915 161378 161378 161378 165688 165688 168851 168851 168851 168851 172546 172546 177692 177692 177692 177692 189388 189388 189388 189816 189816 190872 190872 190872 189816 193535 193535 193535 197630 197630
100 0
11896 11896 11896 19816 28528 28528 32476 32476 32476 36339 36339 36339 28528 19816 36339 45274 48940 48940 53600 58907 58907 58907 53600 68282 74182 74182 75218 75218 75218 74182 68282 68282 53600 48940 75218 79221 79221 79221 80798 80798 86321 86321 89953 92425 92425 98562 98562 98562 102795 102795 102795 92425 89953 89953 102795 116897 118408 118408 118408 116897 116897 121270 128380 131900 137173 142878 142878 142878 137173 137173 131900 131900 128380 128380 142878 154856 154856 155454 158016 158016 158016 163152 163152 163152 166905 170764 170764 172135 172135 172135 170764 166905 166905 155454 172135 181701 181701 190993 190993 190993
100 0
5608 5608 11441 17379 17379 17379 11441 17379 23678 23678 23678 27430 27430 27430 37821 40016 40016 40016 37821 40016 53107 60985 60985 60985 53107 60985 65211 73508 73508 73508 65211 73508 84632 86353 86353 86353 84632 86353 100519 100519 105154 105154 105154 105154 113536 119151 119151 119151 113536 119151 130256 134141 134141 134141 130256 134141 145026 145906 145906 145906 145026 145906 155326 155326 158061 158061 158061 158061 171236 171236 171236 177942 177942 177942 181974 185271 185271 185271 181974 185271 196340 196915 196915 196915 196340 196915 202864 202864 202864 205381 205381 208077 216918 226120 226120 226120 216918 216918 208077 208077
100 0
6579 6579 23643 23643 23990 23990 23990 23990 35022 35022 35022 35472 35472 35472 53350 53350 54051 54051 54051 54051 69316 69316 72735 72735 72735 72735 76068 81819 81819 81819 76068 81819 88446 88446 88446 91500 91500 91500 94005 94005 102241 102241 102241 102241 111191 111191 111191 114492 114492 114492 125472 125472 134264 134264 134264 134264 143830 152111 152111 152111 143830 152111 160304 160304 166221 166221 166221 166221 171392 174775 174775 174775 171392 174775 181064 189855 189855 189855 181064 189855 196843 196843 196843 203187 203187 203187 206292 206292 206292 208220 208220 208220 216346 216346 216346 221369 227370 227370 227370 221369
100 0
11095 11095 11095 17906 24068 24068 28690 28690 28690 24068 17906 17906 28690 40748 48743 55021 55021 55021 48743 48743 40748 40748 55021 66418 67795 67795 77329 77329 77329 67795 66418 66418 77329 90699 94458 100202 100202 100202 94458 94458 90699 90699 100202 109991 113102 113102 113102 122710 122710 122710 109991 109991 122710 131889 140338 140338 140338 131889 148161 148161 148161 131889 148161 156902 156902 156902 161072 161072 161072 161126 161126 161126 161126 172981 172981 182109 182109 189437 189437 189437 182109 172981 189437 200574 202082 202082 207416 207416 207416 202082 200574 200574 207416 211753 218565 218565 218565 222803 222803 222803
100 0
13692 13692 16579 24934 34040 42652 42652 42652 34040 34040 24934 24934 16579 16579 42652 47767 47767 47767 53231 53231 58071 58071 58071 53231 59005 59005 65645 65645 65645 59005 71306 72996 72996 72996 72996 78920 88757 90535 90535 93284 93284 94610 102176 108489 108489 108489 102176 102176 94610 94610 93284 90535 88757 88757 108489 117071 120707 125710 125710 125710 120707 120707 117071 117071 125769 125769 125769 132778 137677 137677 137677 145359 145359 145359 145359 152156 154715 163157 169747 170472 170472 170472 175615 175615 178965 178965 178965 175615 169747 169747 163157 163157 154715 154715 178965 182436 182436 182436 185093 185093
100 0
15511 15511 29287 37105 37105 37105 37105 50828 60637 60637 60637 60637 67835 72475 72475 72475 72475 81789 81789 90521 90521 90521 103445 103445 103445 112753 112753 127308 134138 134138 134138 134138 142692 142692 146151 146151 146151 149899 149899 149899 155214 155214 168343 168343 168343 172416 172416 180207 181924 181924 181924 181924 190085 195982 195982 195982 195982 207194 207194 207194 208405 208405 218652 219612 219612 219612 219612 230100 234100 234100 234100 234100 239518 239518 245862 245862 245862 255685 264930 264930 264930 264930 270546 270546 274276 274276 274276 283791 289093 289093 289093 289093 303640 303640 307754 307754 307754 313277 313277 313277
100 0
5978 5978 6431 6431 6431 10590 10590 13501 13501 13501 10590 21300 21300 21300 21300 30518 30518 30518 39446 40085 40085 40085 39446 39446 40085 56012 56521 61100 61100 61100 56521 56521 56012 56012 61100 73023 75609 82515 82515 82515 75609 75609 73023 73023 82515 99620 105175 105175 105175 99620 107861 107861 107861 99620 107861 118410 126866 126866 126866 118410 118410 129287 129287 129287 129287 139310 139310 139503 145655 145655 145655 139503 139503 139310 145655 154378 160276 160276 160276 168667 168667 168667 154378 154378 168667 176262 184875 184875 184875 176262 188148 188148 188148 176262 188148 195788 200617 200617 200617 195788
100 0
7766 7766 7766 13362 20098 24322 24322 24322 20098 20098 13362 13362 24322 32897 37247 46409 46409 46409 37247 37247 32897 32897 46409 47342 54894 54894 62080 62080 62080 54894 47342 47342 62080 69629 77366 84722 84722 84722 77366 77366 69629 69629 84722 100394 100394 103064 105115 105115 105115 103064 103064 100394 105115 122286 128210 132053 132053 132053 128210 128210 122286 122286 132053 139576 145610 145610 148476 148476 148476 145610 139576 139576 148476 163195 163195 172923 172923 176072 176072 176072 172923 163195 176072 184793 194787 194787 194787 204556 204556 204556 184793 184793 204556 211781 211781 218976 218976 218976 211781 223035
100 0
13284 13284 21254 21254 21254 13284 21254 31895 39729 39729 47715 47715 47715 39729 31895 31895 47715 57267 57267 57267 65965 74986 74986 74986 65965 65965 74986 88691 97844 103614 103614 103614 97844 97844 88691 88691 103614 112744 112744 116895 116895 117190 117190 117190 116895 112744 117190 125812 125812 131413 132905 132905 132905 131413 131413 125812 132905 142742 142742 145781 145781 153868 153868 153868 145781 142742 153868 165061 172633 172633 172633 175997 175997 175997 165061 165061 175997 184230 184230 184230 192188 192188 192188 200439 200439 200439 200439 209104 211360 217614 217614 217614 211360 211360 209104 209104 217614 225549 225549 225549
100 0
15541 15541 15541 23944 23944 23944 23944 33032 33032 33032 40824 49219 49219 49219 53028 53028 53232 53232 56401 64630 64630 64630 56401 56401 53232 53028 64630 75228 83387 90486 90486 90486 91016 91016 100283 100283 101042 101042 101042 100283 91016 109439 109439 109439 83387 83387 109439 121404 121404 121404 128155 128155 128155 131431 134412 134412 135551 140193 141440 141440 141440 140193 140193 135551 135551 134412 141440 151889 157835 162675 162675 162675 157835 157835 151889 170014 172023 172023 172023 175169 175169 181589 181589 181589 175169 170014 181589 193121 193121 193121 196739 196739 196739 202358 204212 212329 212329 212329 204212 204212
100 0
9237 9237 13566 13566 13566 16586 16586 24209 24209 24209 36309 37235 37235 37235 37235 40480 41672 41672 41672 41672 59037 66473 66473 66473 66473 77201 87001 87001 87001 87001 100983 100983 103664 103664 103664 112488 112848 112848 112848 112848 122171 125139 125139 125139 125139 134096 139732 139732 139732 139732 146331 146331 146331 153633 153633 162360 164256 164256 164256 164256 173375 181558 181558 181558 181558 194500 194500 197696 197696 197696 213079 214223 214223 214223 214223 220446 221895 221895 221895 221895 229308 229308 229308 232628 232628 247838 247838 253336 253336 253336 260871 265248 265248 265248 265248 269578 269578 275807 275807 275807
100 0
2531 2531 2531 2531 15848 23563 23563 23563 15848 23563 26948 28588 28588 28588 26948 28588 40644 42974 42974 42974 40644 42974 56928 64338 64338 64338 56928 64338 75673 75673 82827 82827 82827 82827 93750 93750 100959 100959 100959 100959 104681 104681 114038 114038 114038 114038 122965 122965 122965 124381 124381 124381 136344 136344 136344 138271 138271 138271 144846 144846 151574 151574 151574 151574 157380 157380 160116 160116 160116 160116 167312 167312 167312 171080 171080 171080 179574 179574 180204 180204 180204 180204 183091 187768 187768 187768 183091 187768 204482 207887 207887 209570 209570 209570 217994 217994 217994 207887 204482 204482
100 0
10097 10097 16853 22094 22094 22094 29152 36705 36705 36914 36914 36914 36705 29152 29152 16853 16853 10097 36914 45890 52190 52190 52190 57666 57666 57666 64249 64249 64249 45890 67972 67972 67972 72289 72289 73864 73864 73864 73864 79262 79262 79262 86566 88639 88639 88639 86566 86566 93873 93873 93873 94582 94582 94582 98918 102851 102851 102851 102851 110845 110845 115651 115651 115651 110845 120971 120971 124252 129762 138991 146207 146207 146207 138991 138991 129762 129762 124252 146207 147035 151275 151275 155985 159567 159567 160844 168751 174452 174452 174452 168751 168751 160844 160844 159567 155985 155985 151275 174452 189209
100 0
1927 1927 1927 2901 10835 10835 19659 26035 26035 26035 32659 32659 32659 19659 19659 10835 2901 32659 45330 48039 48039 48039 54068 54068 54068 45330 56190 66079 74983 83391 83391 83391 74983 74983 66079 66079 56190 83391 95025 95025 95025 100666 101121 102190 104684 104684 113207 121855 121855 121855 113207 113207 104684 102190 102190 101121 101121 121855 135027 142603 144794 149469 151841 151841 159467 168026 168026 168026 159467 159467 151841 149469 149469 144794 144794 142603 142603 168026 173421 173903 173903 173903 175802 175802 175802 173421 173421 181977 182076 182076 190149 198536 198536 198536 190149 190149 182076 198536 210155 210155
100 0
13704 13704 13704 24400 24400 25382 25382 25382 25382 38609 47751 47751 47751 38609 47751 50799 58104 58104 58104 50799 58104 65831 65831 68393 68393 68393 68393 69016 69016 78793 78793 78793 78793 88677 88677 88677 95365 95365 95365 107908 110512 110512 110512 107908 110512 120093 120760 120760 120760 120093 120760 128613 137630 137630 137630 128613 137630 145042 145042 147031 147031 147031 147031 163530 163530 163530 171943 171943 171943 180713 180713 180713 187995 187995 187995 195179 198961 198961 198961 195179 198961 205271 205271 213958 213958 213958 213958 220868 220868 220868 223487 223698 227165 233751 233751 233751 227165 227165 223698 223698
100 0
13292 13292 14627 14627 14627 22000 24317 24317 24317 22000 24317 35678 37430 37430 37430 35678 37430 49729 53091 53091 53091 49729 53091 59936 60694 60694 60694 59936 60694 65542 65542 65860 65860 65860 65860 74078 78071 78071 78071 74078 78071 84940 89637 89637 89637 84940 89637 96016 102403 102403 102403 96016 102403 116327 120574 120574 120574 116327 120574 126317 129608 129608 129608 126317 129608 134496 138911 138911 138911 134496 138911 151634 161185 161185 161185 151634 161185 164609 168178 168178 168178 164609 168178 177202 177202 180874 180874 180874 180874 195683 195683 204740 214711 214711 214711 204740 204740 216858 216858 216858
100 0
12446 12446 12446 12446 24772 24772 24772 30889 30889 43716 43716 51339 51339 51339 61980 61980 69283 69283 69283 74718 81943 81943 81943 81943 90276 92221 92221 92221 92221 103344 113124 113124 113124 113124 123833 123833 123833 124155 124155 131344 131344 131344 140307 140307 143887 143887 145837 145837 145837 156967 156967 156967 161839 161839 170594 171980 171980 171980 171980 178450 178450 178450 178962 178962 194421 201332 201332 201332 201332 208895 213643 213643 213643 213643 221763 221763 226839 226839 226839 240443 245799 245799 245799 245799 248534 248534 248534 255752 255752 271931 280312 280312 280312 280312 287977 288989 288989 288989 288989 299891
100 0
11121 11121 11121 27006 27006 27006 31199 31199 31199 43173 48697 48697 48697 43173 48697 60493 69839 69839 69839 60493 69839 85821 85821 85821 86302 86302 86302 95735 95735 95735 101353 101353 101353 110974 110974 110974 117270 117270 117270 129932 132242 132242 132242 129932 132242 140458 140458 146973 146973 146973 146973 150764 154146 154146 154146 150764 154146 159485 159485 167501 167501 167501 167501 179886 189824 189824 189824 179886 189824 202705 202902 202902 202902 202705 202902 212294 218421 218421 218421 212294 218421 237384 237384 245943 245943 245943 245943 258979 258979 258979 261655 269273 275169 275169 276493 276493 276493 275169 269273 269273
100 0
10977 10977 20259 23063 23063 23063 20259 23063 37892 37892 41072 41072 41072 41072 46805 46805 55179 55179 55179 55179 70250 70250 70250 71122 71122 71122 86940 86940 94983 94983 94983 94983 104740 109800 109800 109800 104740 109800 114908 114908 122459 122459 122459 122459 131235 131235 138116 138116 138116 138116 150130 153154 153154 153154 150130 153154 156371 156371 164430 164430 164430 164430 170833 180481 180481 180481 170833 180481 193636 200599 200599 200599 193636 200599 205666 205666 205666 207461 207461 207461 219366 219366 219366 221703 221703 221703 222803 222803 231427 231427 239425 245230 249449 249449 249449 245230 245230 239425 239425 231427
100 0
11753 11753 11753 11753 25952 26254 31234 31234 31234 26254 36541 36541 36541 37588 46797 46797 51555 51555 51555 46797 37588 37588 26254 51555 59669 59669 59669 59954 61422 69821 69821 72907 72907 72907 69821 79925 81783 81783 81783 79925 79925 61422 61422 81783 92586 100181 100181 105174 105174 105174 110243 110243 110243 100181 92586 110917 110917 115392 117297 117297 117297 115392 115392 117297 128434 133333 139708 140700 142610 150706 150706 160049 160049 160049 150706 142610 142610 140700 140700 139708 139708 133333 133333 160049 165845 165845 165845 172213 172213 172618 180924 184523 192777 192777 192777 184523 184523 180924 180924 172618
100 0
10494 10494 10494 23940 23940 28636 28636 28636 39337 39337 41461 41461 41461 56533 64699 64699 64699 64699 76055 77063 77063 77063 77063 88132 96349 96349 96349 96349 107045 107045 113450 113450 113450 123723 123723 131753 131753 131753 144724 154128 154128 154128 154128 166221 166221 167042 167042 167042 171986 173960 173960 173960 173960 189122 196142 196142 196142 196142 205552 205552 205552 206422 206422 219859 219859 227481 227481 227481 241620 249232 249232 249232 249232 264291 269308 269308 269308 269308 281586 281586 281586 285496 285496 300866 305627 305627 305627 305627 322653 322653 322653 328467 328467 335681 335681 335681 337086 337086 348631 348631
100 0
7963 12198 15053 15053 15053 15053 25209 25209 25209 33176 33176 47107 54586 54586 54586 54586 68340 72416 72416 72416 72416 86773 93345 93345 93345 93345 101376 110118 110118 110118 110118 115106 120555 120555 120555 120555 129162 129162 130939 130939 130939 140383 140383 140383 145812 145812 152473 152473 152473 160993 160993 170832 179496 179496 179496 179496 189539 195837 195837 195837 195837 208432 212617 212617 212617 212617 220897 220897 230820 230820 230820 232806 232806 239333 239333 239333 242211 244632 244632 244632 244632 245608 245678 245678 245678 245678 254547 260274 260274 260274 260274 277561 277561 277561 282549 282549 300380 300380 300380 307716
100 0
10268 10268 10268 18719 26103 26103 26103 18719 26103 41388 44991 44991 44991 41388 44991 61461 64617 64617 64617 61461 64617 75858 75858 76715 76715 76715 76715 89237 89237 89237 90081 90081 90081 98523 101077 101077 101077 98523 101077 105714 113164 113164 113164 105714 113164 123769 124323 124323 124323 123769 124323 138079 138079 138079 145492 145492 145492 160387 160387 160387 163552 163552 163552 174985 174985 174985 177688 177688 177688 188221 188910 188910 188910 188221 188910 196304 196304 203649 203649 203649 203649 215447 215447 215447 219982 219982 219982 231681 231681 236962 236962 236962 243701 243701 253603 262862 262862 262862 253603 253603
100 0
13530 16173 16173 16173 13530 13530 16173 31734 34616 34616 35756 35756 44253 44253 52237 52237 60263 68669 68669 68669 60263 60263 52237 44253 35756 34616 68669 72884 82051 85880 85880 86661 86661 94325 95595 95595 95595 99348 99348 99348 94325 94325 86661 85880 82051 82051 99348 105001 111960 111960 111960 105001 105001 114090 122936 124126 124126 124126 129087 129087 136979 136979 136979 129087 122936 122936 136979 143540 143540 151230 151230 158448 158448 158448 159666 159666 164194 164194 165972 170289 170289 170289 165972 165972 164194 159666 170289 174874 174874 174874 180692 181861 185846 185846 192714 192714 192714 185846 181861 181861
100 0
11403 20510 30100 32917 32917 35647 35647 36302 36302 36302 35647 32917 30100 30100 20510 20510 11403 11403 36302 55583 64425 74112 75996 84584 93664 96053 96053 96053 93664 93664 84584 84584 75996 75996 74112 74112 64425 64425 96053 101065 110752 111716 111716 111716 110752 111784 111784 111784 110752 101065 101065 121585 122064 122064 130478 130478 130478 122064 130478 133637 133637 134975 136968 136968 142068 150400 158514 158514 163879 163879 163879 158514 150400 150400 142068 142068 136968 134975 163879 176164 182075 183004 183065 183065 183065 183004 183004 188367 188367 188367 182075 192289 192289 192289 182075 199554 199554 199554 199554 202847
100 0
14263 14263 17102 27036 27036 27036 17102 27036 38199 38199 44671 44671 44671 44671 51284 54575 54575 54575 51284 54575 64496 70129 70129 70129 64496 70129 76608 76608 76608 82742 82742 82742 92833 96339 96339 96339 92833 96339 101936 108209 108209 108209 101936 108209 116868 120564 120564 120564 116868 120564 124357 124357 128903 128903 128903 128903 142268 142268 142268 146073 146073 146073 154623 160128 160128 160128 154623 160128 166792 173379 173379 173379 166792 173379 190478 190478 197523 197523 197523 197523 212438 212438 212438 217146 217146 217146 220419 220419 227707 230545 230545 230545 227707 227707 220419 234053 234053 234053 236368 236368
100 0
6246 12556 12556 12556 21903 30232 38457 38457 38457 30232 39300 39300 39300 30232 21903 21903 6246 39300 55096 59297 59821 63304 69435 69435 69435 75104 83830 83830 83830 75104 75104 63304 63304 59821 59821 59297 59297 83830 95718 95718 101935 104383 104383 104383 108713 108713 109051 112390 112390 112390 109051 117079 117079 117079 109051 108713 101935 117079 124115 124115 133417 133417 133417 140346 146701 148512 148512 152625 152625 160566 160566 160566 152625 148512 146701 146701 140346 160566 175275 175275 175275 183533 191776 191776 191776 183533 199519 199519 206276 214375 220069 220069 220069 214375 214375 206276 206276 220069 228613 228613
100 0
903 9921 9921 9921 17481 17481 17481 28039 32007 32007 32007 28039 32007 43572 45341 45341 45341 43572 45341 58864 58864 58864 62721 62721 62721 77452 80587 80587 80587 77452 80587 94373 95777 95777 95777 94373 95777 103668 111663 111663 111663 103668 111663 118154 118154 127232 127232 127232 127232 144980 154895 154895 154895 144980 154895 171964 177780 177780 177780 171964 177780 192312 195349 195349 195349 192312 195349 212760 215078 215078 215078 212760 215078 227486 227486 227486 232097 232097 232097 241045 250691 250691 250691 241045 250691 267181 267181 267181 269419 269419 269419 271299 281218 285611 285611 285611 281218 281218 271299 271299
100 0
11658 15919 15919 15919 11658 15919 22571 31524 31524 31524 22571 31524 40302 44738 44738 44738 40302 44738 59575 59575 59575 61225 61225 61225 73434 73434 77217 77217 77217 77217 88243 88243 89956 89956 89956 89956 94304 94304 94304 103604 103604 103604 115884 117798 117798 117798 115884 117798 131854 131854 137166 137166 137166 137166 139132 139132 141621 141621 141621 141621 153794 156181 156181 156181 153794 156181 163374 163374 171004 171004 171004 171004 183812 189007 189007 189007 183812 189007 198627 202587 202587 202587 198627 202587 206928 209869 209869 209869 206928 209869 227455 234353 234353 243202 243202 243202 247433 247433 247433 234353
100 0
16266 16266 16266 25392 25392 25392 32199 32199 45185 45185 52810 52810 52810 56134 65695 65695 65695 65695 81044 89804 89804 89804 89804 99212 99212 106556 106556 106556 114208 117694 117694 117694 117694 126442 126460 126460 126460 126460 142246 142246 142246 147752 147752 157494 157494 157494 166255 166255 173778 180102 180102 180102 180102 182397 183298 183298 183298 183298 191374 191374 191374 200253 200253 216615 216615 221989 221989 221989 226171 226171 234057 234057 234057 244635 244635 253007 253007 253007 258893 258915 258915 258915 258915 269267 269267 270033 270033 270033 284023 290420 290420 290420 290420 298265 298265 298265 307522 307522 311613 311613
100 0
5325 22138 28234 28234 28234 22138 30034 30034 30034 22138 30034 40250 40250 40250 41031 44357 44357 44357 41031 41031 44357 50537 56712 56712 56712 50537 50537 62827 62827 62827 62827 69181 75517 75517 76021 76021 76021 75517 69181 69181 76021 85174 85174 85174 88545 88545 90066 90066 90066 88545 90066 99955 99955 105761 112346 112346 112346 105761 105761 99955 112346 121581 121581 121581 127954 127954 127954 132640 132640 132640 132640 141602 142444 146405 146405 146405 142444 142444 141602 141602 146405 161179 168957 169520 169520 169520 168957 168957 161179 161179 169520 185556 185556 185556 195306 203534 203534 203534 195306 195306
100 0
2676 2676 16940 16940 19441 19441 19441 31164 31164 31164 34261 34261 49440 54419 54419 54419 54419 67820 70987 70987 70987 70987 80521 83739 83739 83739 83739 93444 93444 93444 101109 101109 105383 106909 106909 106909 106909 114368 120557 120557 120557 120557 134080 135831 135831 135831 135831 146625 146625 148657 148657 148657 157488 158105 158105 158105 158105 164748 169190 169190 169190 169190 177699 184345 184345 184345 184345 198307 198307 198307 200943 200943 211336 218681 218681 218681 218681 232865 232865 232865 239759 239759 257351 257351 257351 263964 263964 271498 279297 279297 279297 279297 283281 290134 290134 290134 290134 297609 297609 297609
100 0
8690 9576 9576 9576 9576 22701 30486 30486 30486 22701 30486 41993 41993 41993 51144 51144 51144 59132 60571 60571 60571 59132 60571 79541 88582 88582 88582 79541 88582 102441 105608 105608 105608 102441 105608 111186 111186 111186 119702 119702 119702 128761 128761 128761 136476 136476 136476 142801 142801 147513 147513 147513 147513 163021 163021 163021 172756 172756 172756 186185 186185 186185 193379 193379 193379 204670 206359 206359 206359 204670 206359 213462 213462 222116 222116 222116 222116 231963 241454 241454 241454 231963 241454 249072 249072 258751 258751 258751 258751 272989 282622 284912 284912 284912 291058 291058 291058 282622 282622 272989
100 0
7177 10117 10117 10117 10117 24779 30469 30469 30469 30469 37733 42474 42474 42474 42474 51741 59700 59700 59700 59700 66324 66324 66324 71946 71946 84303 86926 86926 86926 86926 94830 94830 98349 98349 98349 109356 109356 109356 115029 115029 127979 127979 127979 128920 128920 134239 134239 139184 139184 139184 144491 144491 150226 150226 150226 166756 166756 169256 169256 169256 174213 174407 174407 174407 174407 187910 187910 187910 189058 189058 192921 197991 197991 197991 197991 199439 199439 203356 203356 203356 216583 216583 216583 222066 222066 232306 232306 232306 235660 235660 247345 247345 247345 252966 252966 261505 261505 261505 263881 263881
100 0
5807 5807 15559 15559 15559 21286 21286 29045 29045 29045 38844 42345 42345 42345 42345 55417 58226 58226 58226 58226 63628 63628 65128 65128 65128 84565 87684 87684 87684 87684 88532 88694 88694 88694 88694 97395 97395 98772 98772 98772 106595 115060 115060 115060 115060 125901 132097 132097 132097 132097 138493 138493 140958 140958 140958 145253 154883 154883 154883 154883 171298 171298 171298 171494 171494 179008 185725 185725 185725 185725 197000 201078 201078 201078 201078 219142 219142 223754 223754 223754 233956 238026 238026 238026 238026 252610 252610 252610 261539 261539 273266 273266 276591 276591 276591 289673 289673 295793 295793 295793
100 0
4506 9086 11984 11984 11984 9086 9086 4506 11984 20699 30414 32316 32316 32316 30414 30414 20699 20699 32316 49972 49972 49972 50224 53402 53402 53402 50224 50224 53402 57189 57189 57230 64766 64766 64766 57230 57230 57189 64766 67368 73303 73303 80168 80168 80168 73303 67368 67368 80168 91372 91372 91372 99836 101181 101181 101181 99836 99836 101181 115449 118995 118995 125331 125331 125331 118995 115449 115449 125331 129947 131050 131050 131253 131253 131253 131050 129947 129947 131253 139865 142265 142265 146950 146950 146950 142265 139865 139865 146950 161318 161318 161318 167862 176650 176650 176650 167862 167862 176650 184518
100 0
1893 1893 1893 17082 17717 23261 23261 23261 17717 17717 17082 17082 23261 38522 38522 38522 43857 43857 43857 44329 44329 44329 44329 57495 57495 59164 59164 59164 57495 66655 66655 66655 66655 79433 81072 88832 88832 88832 81072 81072 79433 79433 88832 96536 104783 111109 111109 111109 104783 104783 96536 96536 111109 119830 119830 128047 128047 128047 119830 132795 132795 132795 132795 148365 148365 148365 149173 149173 150291 150291 150291 149173 150291 158875 158875 164260 168018 168018 168018 164260 164260 158875 168018 179217 179217 179217 181870 183381 183381 183381 181870 181870 183381 192589 199124 199124 203661 203661 203661 199124
100 0
14405 14405 14405 22900 22900 22900 32394 32394 37821 46026 46026 49223 53308 55739 55739 55739 58569 58569 58569 53308 53308 49223 49223 46026 37821 58569 72125 72125 72125 80322 86321 86321 86321 80322 80322 86361 93409 93409 94760 97650 97650 97650 94760 94760 93409 97650 108982 108982 109835 119553 119553 125707 125707 130693 130693 130693 131450 137722 137722 137722 131450 131450 125707 119553 109835 137722 148455 148455 157755 163623 167076 175114 181884 181884 187753 187753 187753 181884 175114 175114 167076 167076 163623 163623 157755 187753 191546 191546 191546 192377 192377 192377 196444 203494 213194 213194 213194 203494 203494 196444
100 0
5719 8245 8245 10052 10052 10052 23163 23163 23163 28475 28475 32539 32539 41818 41818 41818 50711 50711 50711 53908 53908 69442 69442 70361 70361 70361 77415 81863 81863 81863 81863 94769 100675 100675 100675 100675 111026 118458 118458 118458 118458 131726 131726 137269 137269 137269 145284 145284 145284 152811 152811 166757 171326 171326 171326 171326 178282 184294 184294 184294 184294 188947 193278 193278 193278 193278 200155 200155 203392 203392 203392 206991 206991 206991 214006 214006 218892 218892 221659 221659 221659 230096 239675 239675 239675 239675 241759 241759 243461 243461 243461 249217 256779 256779 256779 256779 267074 267074 269153 269153
100 0
2924 2924 2924 5887 5887 5887 13412 15689 15689 19197 27404 27404 27404 19197 19197 15689 13412 27404 34936 34936 43717 51910 51910 51910 43717 58212 58212 58212 66964 76186 76186 76186 79714 79714 79714 66964 66964 79714 89376 89376 95049 100786 100786 100786 95049 95049 89376 104682 108867 112442 112800 112800 112800 112442 112442 108867 108867 112800 126212 126212 132482 132482 134325 138908 138908 143445 150756 150756 150756 143445 159756 159756 159756 143445 138908 134325 134325 159756 161871 161871 161871 163878 163878 163878 164323 174216 179900 182903 182903 186859 186859 186859 182903 179900 179900 174216 174216 186859 196520 196520
100 0
15217 22077 22077 22077 22077 25093 32077 32077 32077 32077 45119 46945 46945 46945 46945 50570 50570 50570 55561 55561 64425 64425 66732 66732 66732 75194 79285 79285 79285 79285 87456 87456 92291 92291 92291 105766 105766 105766 110944 110944 120893 120893 120893 124268 124268 133520 134885 134885 134885 134885 150028 150028 159660 159660 159660 165950 166352 166352 166352 166352 174074 181979 181979 181979 181979 199886 209056 209056 209056 209056 223318 223318 223318 228134 228134 246829 252666 252666 252666 252666 262353 270697 270697 270697 270697 279275 279275 279275 282423 282423 289196 289196 289355 289355 289355 303610 303610 303610 306618 306618
100 0
15543 15543 15543 24682 30293 30293 30293 30293 48009 48009 48009 51019 51019 60463 60463 60463 70099 70099 74074 74074 82565 82565 82565 93133 93133 93133 102232 102232 112549 112549 118100 118100 118100 127731 134764 134764 134764 134764 142582 142630 142630 142630 142630 153494 162227 162227 162227 162227 176877 180787 180787 180787 180787 192767 192767 192767 200813 200813 209543 209543 214609 214609 214609 221957 227592 227592 227592 227592 237649 237649 244273 244273 244273 254524 254524 258632 258632 258632 262308 263707 263707 263707 263707 274749 276797 276797 276797 276797 282209 283927 283927 283927 283927 290874 290874 290874 298388 298388 308035 308035
100 0
9348 16269 16269 16269 24862 24862 30486 33777 33777 33777 33777 47973 53333 53333 53333 53333 67982 75304 75304 75304 75304 86137 90127 90127 90127 90127 96527 98483 98483 98483 98483 107681 107681 107681 111029 111029 118434 118434 118760 118760 118760 133702 133702 140860 140860 140860 143063 150087 150087 150087 150087 162057 167024 167024 167024 167024 171958 171958 171958 173318 173318 187143 187143 187143 193788 193788 197336 197336 198542 198542 198542 217157 219757 219757 219757 219757 230719 231532 231532 231532 231532 243165 245508 245508 245508 245508 257738 257738 257738 259677 259677 266932 266932 272050 272050 272050 281328 281328 283033 283033
100 0
9962 25585 25585 25585 26693 26693 37533 39889 39889 39889 39889 51457 51457 51457 55553 55553 68553 78225 78225 78225 78225 81184 85233 85233 85233 85233 94024 98408 98408 98408 98408 111063 111063 111063 119431 119431 123501 123501 123501 124627 124627 129567 138366 138366 138366 138366 143374 143374 143374 147867 147867 156537 156537 156537 163080 163080 170291 170291 171253 171253 171253 177770 177770 180588 180588 180588 198361 198361 198361 207102 207102 214595 219610 219610 219610 219610 225862 225862 226594 226594 226594 238648 238648 238648 246042 246042 255883 255883 259002 259002 259002 275021 283668 283668 283668 283668 295028 299125 299125 299125
100 0
13828 20495 20495 25511 30677 36252 36996 36996 36996 36252 36252 30677 30677 25511 25511 20495 13828 36996 45132 49200 49200 49200 58360 64550 64550 74070 74070 74070 64550 74491 78141 78141 78141 74491 74491 58360 58360 78141 87402 94139 99205 106028 106028 113593 113593 122473 122473 128037 128037 128037 122473 113593 106028 99205 99205 94139 94139 128037 132589 132589 135487 139552 139552 143046 143046 143046 149536 150810 160008 160008 160008 150810 150810 149536 149536 139552 135487 160008 173856 173856 176182 181782 181782 181782 176182 176182 173856 188175 191944 201018 201460 201460 201460 201018 201018 191944 191944 201460 210336 210336
100 0
10616 15549 16316 25413 26723 26723 26723 25413 25413 16316 16316 15549 15549 10616 26723 34968 34968 34968 35662 44309 53512 57128 57128 57128 63915 66812 66812 66812 63915 63915 53512 53512 44309 44309 66812 75007 83881 83881 83881 92556 95444 96580 105641 105641 112801 112801 112801 105641 96580 96580 95444 95444 92556 92556 112801 117788 119407 121438 121438 126017 130591 130591 130591 126017 126017 139602 139602 144825 144825 144825 139602 121438 119407 119407 144825 154905 154905 154905 157079 157079 164664 164664 164664 167248 167248 167802 177402 177402 177402 182145 182145 182145 167802 167802 182145 199255 201942 201942 201942 199255
100 0
10581 10581 20522 20522 20522 27784 27784 27784 35867 35867 35867 44511 53665 53665 53665 44511 53665 58086 60625 60625 60625 58086 60625 75392 78370 78370 78370 75392 78370 84574 86281 86281 86281 84574 86281 105842 105842 105842 113501 113501 113501 124449 124449 124449 127545 127545 127545 144201 144201 144201 148073 148073 148073 156257 156257 165940 165940 165940 165940 176524 176524 176524 185519 185519 185519 191357 191357 201099 201099 201099 201099 214383 214383 214383 222752 222752 222752 236867 236867 246285 246285 246285 246285 258562 266794 266794 266794 258562 266794 279457 286155 286155 286155 295115 295115 295115 298277 298277 298277 279457
100 0
16566 23401 23401 23401 23401 34787 36923 36923 36923 34787 36923 47623 56196 56196 56196 47623 56196 59929 59929 59929 61867 61867 61867 72407 79982 79982 79982 72407 79982 96339 96339 96339 106103 106103 106103 116014 116014 119445 119445 119445 119445 122563 131743 131743 131743 122563 131743 139722 147183 147183 147183 139722 147183 160268 160268 164105 164105 164105 164105 169593 169593 169593 171953 171953 171953 182821 182821 185310 185310 185310 185310 193553 203521 203521 203521 193553 203521 214444 222409 222409 222409 214444 222409 237590 237590 237590 245716 245716 245716 256151 257693 257693 262910 262910 262910 257693 256151 256151 263787 263787
100 0
14624 21852 21852 21852 14624 21852 29082 38148 38148 38148 29082 38148 52021 58117 58117 58117 52021 58117 72018 72018 72018 78583 78583 78583 91958 91958 97541 97541 97541 97541 111408 118064 118064 118064 111408 118064 133517 138221 138221 138221 133517 138221 146945 146945 147638 147638 147638 147638 165655 165655 165655 170442 170442 170442 179106 184741 184741 184741 179106 184741 189300 189300 189773 189773 189773 189773 207216 207216 207216 212959 212959 212959 225346 228232 228232 228232 225346 228232 240215 240215 244359 244359 244359 244359 255645 258593 258593 258593 255645 258593 270675 270675 270675 278685 287054 287054 293054 293054 293054 287054
100 0
9916 9916 22900 22900 26431 26431 26431 35937 39100 39100 39100 39100 49945 49945 49945 53531 53531 70287 79684 79684 79684 79684 87153 87153 87153 89510 89510 102322 102322 102322 108025 108025 119594 122408 122408 122408 122408 136869 144839 144839 144839 144839 161952 161952 161952 168298 168298 176810 176810 176810 185848 185848 199109 199109 200336 200336 200336 216303 216303 221631 221631 221631 231016 234621 234621 234621 234621 241644 249780 249780 249780 249780 263483 265036 265036 265036 265036 279701 288010 288010 288010 288010 292142 301936 301936 301936 301936 308722 308722 308722 311699 311699 319026 319026 328992 328992 328992 339086 339086 339086
100 0
8930 9066 9066 9066 9066 21881 21881 21881 23119 23119 23119 35858 39023 39023 39023 35858 39023 57815 63775 63775 63775 57815 63775 74333 74333 78139 78139 78139 78139 91297 91297 91297 99453 99453 99453 114434 121415 121415 121415 114434 121415 128254 128254 136935 136935 136935 136935 141119 142602 142602 142602 141119 142602 155373 162295 162295 162295 155373 162295 177118 178160 178160 178160 177118 178160 185923 185923 185923 192026 192026 192026 198640 206069 206069 206069 198640 206069 216610 216610 223354 223354 223354 223354 235539 235539 235539 240308 240308 240308 249896 251047 257277 257277 264941 264941 264941 257277 251047 251047 249896
100 0
10668 10668 10668 17227 26706 26706 26706 26706 34098 34098 34098 41561 42055 42055 42055 41561 47839 47839 53955 57333 57333 63350 63350 63350 57333 53955 53955 63350 81483 85202 88236 92699 94498 94498 104452 104452 111867 111867 111867 104452 94498 92699 92699 88236 88236 85202 85202 111867 123431 126935 126935 136222 136440 143822 143822 143822 136440 153240 160258 160258 160258 153240 153240 136440 136222 136222 126935 160258 172933 172933 180582 180582 180582 172933 188101 188101 188101 192091 195469 195469 195469 202432 211302 211302 211302 202432 202432 211302 220483 223023 223814 223814 223814 230438 230438 230438 223023 223023 220483 220483
100 0
12498 21960 23280 23280 25307 25307 25307 23280 21960 21960 25307 31642 31660 31660 35706 35706 44754 51444 51444 51444 44754 44754 57526 62368 62368 62368 57526 57526 35706 31660 62368 75350 75350 82542 82542 82542 87884 87884 87884 93125 95584 98238 98238 106077 106077 106077 98238 95584 95584 93125 106077 114698 118362 121583 121583 130885 130885 139636 147539 147539 157156 157156 157156 147539 139636 139636 130885 121583 118362 118362 157156 165351 167896 175294 175294 175294 167896 181339 181339 181573 181573 181573 181339 190258 196905 196905 196905 190258 190258 167896 196905 216380 217871 217871 217871 216380 223475 223475 223475 216380
100 0
4771 4771 4771 9299 15474 15474 15474 15474 32399 32399 34217 34217 34217 44311 45330 45330 45330 45330 53849 63047 63047 63047 63047 75081 77403 77403 77403 77403 94388 101181 101181 101181 101181 108702 113879 113879 113879 113879 125023 125023 125023 128785 128785 140288 140288 150277 150277 150277 167250 167250 167250 176080 176080 185607 186569 186569 186569 186569 197039 197039 199901 199901 199901 209347 209347 216749 216749 216749 229222 229222 229222 238800 238800 245985 245985 246383 246383 246383 250300 250300 250300 254946 254946 264124 264124 264124 271700 271700 281771 286423 286423 286423 286423 295050 295050 295645 295645 295645 309791 309791
100 0
12571 12571 12571 12662 17049 19494 19494 19494 17049 17049 19494 32183 41351 41351 41351 32183 43319 43319 47792 47792 47792 43319 32183 51962 51962 61656 61656 61656 51962 71259 71259 87435 87435 87435 91408 97997 97997 97997 91408 91408 99483 106000 106425 114581 114581 114581 106425 106425 106000 106000 114581 126766 127995 127995 136258 146101 149602 157236 157236 157236 157820 157820 157820 149602 149602 146101 146101 136258 136258 127995 157820 166085 170873 170873 170873 166085 166085 179060 185774 185774 186994 190331 197767 197767 197767 190331 190331 186994 186994 185774 197767 204861 212312 212312 212312 204861 204861 220025 220025 220025
100 0
12575 12929 21988 21988 26274 30811 30811 30811 26274 26274 21988 12929 12929 12575 12575 30811 43812 50600 57074 57074 58760 58760 65135 67710 67710 67710 68783 68783 68783 65135 65135 58760 57074 50600 50600 68783 79088 79088 86848 86848 86848 79088 89174 90276 98976 98976 105448 108918 108918 108918 105448 105448 98976 90276 90276 108918 115667 115667 115667 119648 127002 127002 135994 135994 135994 141500 149866 150854 150854 150854 149866 149866 141500 141500 127002 150854 155988 155988 164617 164617 164617 155988 169919 170069 172729 172729 177029 177029 177029 178451 178451 178451 172729 170069 170069 178451 184954 186117 186117 186117
100 0
9150 16299 16299 21506 21506 21506 16299 21506 35633 35633 35633 36007 36007 36007 39504 39504 39504 39504 53011 59499 68969 68969 68969 59499 59499 53011 53011 68969 79874 79874 88593 91592 91592 91592 88593 88593 79874 91592 100375 104318 104318 105409 105409 105409 104318 100375 100375 105409 112665 112665 112665 118554 118554 118554 124816 124816 124816 124816 137851 145288 147614 147614 147614 145288 145288 137851 137851 147614 151451 153969 153969 155573 155573 155573 153969 151451 151451 155573 167650 170513 172959 172959 172959 170513 170513 167650 167650 172959 181531 182129 189543 189543 189543 182129 182129 181531 181531 189543 196921 196921
100 0
10125 10125 10125 10125 23846 23846 23846 30444 30444 39442 48342 48342 48342 48342 62657 64365 64365 64365 64365 68059 68709 68709 68709 68709 82703 82703 82703 91183 91183 97657 97657 103386 103386 103386 111338 119474 119474 119474 119474 130267 130267 130267 132688 132688 149087 149087 153923 153923 153923 163354 163354 167236 167236 167236 177666 185616 185616 185616 185616 188369 188369 188369 194223 194223 201785 210289 210289 210289 210289 222063 222063 222063 222655 222655 227722 235424 235424 235424 235424 239258 240556 240556 240556 240556 250672 250672 250672 259322 259322 267578 277553 277553 277553 277553 285646 289625 289625 289625 289625 302855
100 0
12582 12582 18258 18258 20654 20654 20654 20654 37778 44537 44537 44537 37778 44537 52800 52800 58517 58517 58517 58517 65912 71049 71049 71049 65912 71049 77470 77470 80416 80416 80416 80416 84824 84824 88555 88555 88555 88555 97892 104589 104589 104589 97892 104589 118214 118214 118214 126155 126155 126155 134357 134357 136092 136092 136092 136092 143524 143524 153107 153107 153107 153107 157769 157769 165572 165572 165572 165572 174293 175498 175498 175498 174293 175498 183278 188599 188599 188599 183278 188599 200182 200182 202577 202577 202577 202577 215456 215456 219795 219795 219795 215456 223902 233774 233774 233774 223902 233776 233776 233776
100 0
9067 9067 16544 16886 16886 16886 16544 16544 16886 26667 35649 35649 37709 37709 37709 35649 26667 26667 37709 48861 54614 57949 57949 57949 54614 54614 48861 48861 57949 68469 68469 68469 75818 75818 75818 79479 79479 79479 79479 90547 97365 107032 107032 107032 97365 97365 90547 90547 107032 117096 120392 125234 125234 125234 120392 120392 117096 117096 125234 131674 131674 131674 139396 143857 143857 143857 139396 139396 143857 150212 150212 150212 154252 159728 159728 159728 154252 154252 159728 166797 168201 168201 168411 168411 168411 168201 166797 166797 168411 175733 177854 177854 177854 175733 175733 184188 184188 184188 184188 194028
100 0
7941 11847 11847 11847 7941 11847 21840 21840 21840 31208 31208 34407 34407 34407 31208 34407 43204 52994 52994 52994 43204 43204 55978 55978 55978 55978 62476 62476 70073 70073 70073 62476 70303 70303 70303 70303 78876 78876 78876 84703 89187 89187 89187 84703 84703 89187 100157 100157 108967 108967 110546 110546 110546 108967 100157 110546 121502 121502 127159 127159 134334 134334 134334 127159 121502 134334 145830 145830 145830 150100 151060 151060 151060 150100 150100 151060 160833 160833 160833 170084 176877 176877 176877 170084 170084 176877 179447 179447 179447 185483 185519 185519 185519 185483 185483 185519 194555 202234 202234 202234
100 0
202234 208155 202234 211347 202234 212659 217452 212659 224799 212659 230119 232277 230119 241713 230119 246011 254517 246011 256695 246011 265029 267283 265029 275333 265029 279338 285226 279338 288184 279338 297611 305820 297611 314339 297611 321395 322147 321395 331582 321395 340110 344584 340110 348545 340110 349713 350485 349713 356696 349713 366511 373448 366511 375578 366511 384935 393183 384935 400105 384935 406807 416725 406807 422155 406807 424643 428857 424643 429143 424643 433807 442705 433807 445244 433807 454308 463561 454308 468338 454308 470359 475389 470359 484725 470359 491615 493700 491615 493787 491615 500110 500721 500110 501632 500110 508266 510043 508266 518076 508266
100 0
444279 397993 326946 311820 249875 245626 304197 250731 457394 839947 600779 13739 797667 133389 912058 42621 12683 30949 574799 146361 228804 609967 527017 26448 32889 428511 61940 759028 564527 94779 31848 8805 492771 875145 836977 1000000 1000000 141173 26079 578164 981119 626858 108254 295137 276598 536663 337757 289280 567612 1000000 435641 796415 555225 479009 339215 104465 907519 401154 863492 1000000 1000000 411691 997202 21406 286836 834178 280403 923958 491702 306481 18473 472820 449690 126726 284308 726288 663388 138416 531919 747351 567322 483911 543766 122546 962919 882980 743362 870438 800485 606853 858834 812769 534896 372387 834174 821731 206564 630928 745688 698265
