100
100 0
272064 272064 272064 272064 272064 272064 272064 272064 272064 272064 272064 272064 272064 272064 272064 272064 272064 272064 272064 272064 272064 272064 272064 272064 272064 272064 272064 272064 272064 272064 272064 272064 272064 272064 272064 272064 272064 272064 272064 272064 272064 272064 272064 272064 272064 272064 272064 272064 272064 272064 272064 272064 272064 272064 272064 272064 272064 272064 272064 272064 272064 272064 272064 272064 272064 272064 272064 272064 272064 272064 272064 272064 272064 272064 272064 272064 272064 272064 272064 272064 272064 272064 272064 272064 272064 272064 272064 272064 272064 272064 272064 272064 272064 272064 272064 272064 272064 272064 272064 272064
100 0
10572 10572 17471 26948 29675 37246 37246 37246 38994 38994 38994 47641 56844 60460 60460 60460 56844 56844 47641 47641 29675 29675 26948 26948 17471 17471 10572 60461 63011 63011 69798 72695 72695 77886 77886 77886 72695 86561 89449 90585 99646 99646 106806 106806 113283 117932 127108 131687 136261 136261 136261 131687 131687 145272 145272 150495 154918 154918 154918 150495 150495 162503 162503 162503 165087 165087 165641 175241 175241 175241 179984 188227 190914 190914 190914 188227 188227 179984 179984 165641 165641 165087 145272 127108 127108 117932 117932 113283 113283 106806 99646 90585 90585 89449 89449 86561 86561 69798 69798 63011
100 0
7978 7978 7978 8274 18215 18215 18215 8274 8274 18216 21129 21651 21651 29458 29781 29781 31281 33820 33820 33820 31281 31281 29781 29458 29458 21651 21129 21129 40834 46069 46069 51830 51830 51830 46069 40834 40834 51831 59542 69417 69417 69417 59542 73561 73561 73561 59542 76657 86096 86096 86096 76657 92859 92859 102542 102542 102542 92859 76657 102543 108235 108235 108235 110939 111097 111097 111097 120839 126630 126630 126630 136417 136417 136417 145835 145835 145835 120839 120839 110939 110939 150453 155660 155660 164738 171436 171436 171436 180396 180396 180396 183558 183558 183558 164738 164738 155660 150453 150453 183559
100 0
9236 9236 9236 9237 17447 17447 17447 17448 26157 26157 26157 26158 32201 32201 32201 32202 39037 39037 39037 39038 43595 43595 43595 43596 50425 50425 50425 50426 58281 58281 58281 58282 60418 60418 60418 60419 70171 70171 70171 70172 71120 71120 71120 71121 72568 72568 72568 72569 81142 81142 81142 81143 84299 84299 84299 84300 84877 84877 84877 84878 94506 94506 94506 94507 96281 96281 96281 96282 98220 98220 98220 98221 107280 107280 107280 107281 108762 108762 108762 108763 115718 115718 115718 115719 123294 123294 123294 123295 130941 130941 130941 130942 139653 139653 139653 139654 149130 149130 149130 149131
100 0
8160 16755 23983 27852 27852 27852 23983 23983 16755 16755 29001 29001 29001 33094 39190 39190 43240 43240 43240 39190 50042 59236 64816 70399 70399 70399 64816 64816 59236 59236 78020 78020 84676 91452 96156 96156 96156 91452 91452 84676 101413 111063 111756 120412 120412 120412 111756 111756 111063 111063 128604 128604 137239 138120 141398 141398 141398 138120 138120 137239 142679 142679 143152 151276 151276 151276 159134 159134 159134 143152 163663 166549 166549 174137 178281 178281 178281 174137 174137 166549 181869 181869 184817 194194 194194 194194 184817 202563 202563 202563 212559 218559 218559 218559 223010 223010 223010 226796 226796 226796
100 0
1 1 1 4 4 4 7 7 7 10 10 10 13 13 13 16 16 16 19 19 19 22 22 22 25 25 25 28 28 28 31 31 31 34 34 34 37 37 37 40 40 40 43 43 43 46 46 46 49 49 49 52 52 52 55 55 55 58 58 58 61 61 61 64 64 64 67 67 67 70 70 70 73 73 73 76 76 76 79 79 79 82 82 82 85 85 85 88 88 88 91 91 91 94 94 94 97 97 97 599075
100 0
9167 12166 12166 16084 16084 16084 12166 9167 9167 16085 16086 17154 17154 26422 29587 29587 29587 26422 26422 17154 29588 38660 44620 49451 49451 49451 44620 44620 38660 38660 49452 54791 54791 54791 60261 60261 60261 68417 68417 68417 68418 73683 80664 84098 84098 84098 80664 80664 73683 73683 84099 93990 94237 103984 103984 103984 94237 94237 93990 93990 111390 115707 115707 115707 116824 116824 116824 111390 111390 116825 116826 122291 122291 122291 129445 133437 133437 133437 129445 129445 133438 137137 137913 140605 140605 140605 137913 137913 137137 137137 147349 153439 153439 153439 156756 156756 156756 147349 147349 156757
100 0
10668 10668 10668 17227 26706 26706 26706 26706 34098 34098 34098 41561 42055 42055 42055 41561 47839 47839 53955 57333 57333 63350 63350 63350 57333 53955 53955 63350 81483 85202 88236 92699 94498 94498 104452 104452 111867 111867 111867 104452 94498 92699 92699 88236 88236 85202 85202 111867 123431 126935 126935 136222 136440 143822 143822 143822 136440 153240 160258 160258 160258 153240 153240 136440 136222 136222 126935 160258 172933 172933 180582 180582 180582 172933 188101 188101 188101 192091 195469 195469 195469 202432 211302 211302 211302 202432 202432 211302 220483 223023 223814 223814 223814 230438 230438 230438 223023 223023 220483 220483
100 0
12498 21960 23280 23280 25307 25307 25307 23280 21960 21960 25307 31642 31660 31660 35706 35706 44754 51444 51444 51444 44754 44754 57526 62368 62368 62368 57526 57526 35706 31660 62368 75350 75350 82542 82542 82542 87884 87884 87884 93125 95584 98238 98238 106077 106077 106077 98238 95584 95584 93125 106077 114698 118362 121583 121583 130885 130885 139636 147539 147539 157156 157156 157156 147539 139636 139636 130885 121583 118362 118362 157156 165351 167896 175294 175294 175294 167896 181339 181339 181573 181573 181573 181339 190258 196905 196905 196905 190258 190258 167896 196905 216380 217871 217871 217871 216380 223475 223475 223475 216380
100 0
4771 4771 4771 9299 15474 15474 15474 15474 32399 32399 34217 34217 34217 44311 45330 45330 45330 45330 53849 63047 63047 63047 63047 75081 77403 77403 77403 77403 94388 101181 101181 101181 101181 108702 113879 113879 113879 113879 125023 125023 125023 128785 128785 140288 140288 150277 150277 150277 167250 167250 167250 176080 176080 185607 186569 186569 186569 186569 197039 197039 199901 199901 199901 209347 209347 216749 216749 216749 229222 229222 229222 238800 238800 245985 245985 246383 246383 246383 250300 250300 250300 254946 254946 264124 264124 264124 271700 271700 281771 286423 286423 286423 286423 295050 295050 295645 295645 295645 309791 309791
100 0
12571 12571 12571 12662 17049 19494 19494 19494 17049 17049 19494 32183 41351 41351 41351 32183 43319 43319 47792 47792 47792 43319 32183 51962 51962 61656 61656 61656 51962 71259 71259 87435 87435 87435 91408 97997 97997 97997 91408 91408 99483 106000 106425 114581 114581 114581 106425 106425 106000 106000 114581 126766 127995 127995 136258 146101 149602 157236 157236 157236 157820 157820 157820 149602 149602 146101 146101 136258 136258 127995 157820 166085 170873 170873 170873 166085 166085 179060 185774 185774 186994 190331 197767 197767 197767 190331 190331 186994 186994 185774 197767 204861 212312 212312 212312 204861 204861 220025 220025 220025
100 0
12575 12929 21988 21988 26274 30811 30811 30811 26274 26274 21988 12929 12929 12575 12575 30811 43812 50600 57074 57074 58760 58760 65135 67710 67710 67710 68783 68783 68783 65135 65135 58760 57074 50600 50600 68783 79088 79088 86848 86848 86848 79088 89174 90276 98976 98976 105448 108918 108918 108918 105448 105448 98976 90276 90276 108918 115667 115667 115667 119648 127002 127002 135994 135994 135994 141500 149866 150854 150854 150854 149866 149866 141500 141500 127002 150854 155988 155988 164617 164617 164617 155988 169919 170069 172729 172729 177029 177029 177029 178451 178451 178451 172729 170069 170069 178451 184954 186117 186117 186117
100 0
9150 16299 16299 21506 21506 21506 16299 21506 35633 35633 35633 36007 36007 36007 39504 39504 39504 39504 53011 59499 68969 68969 68969 59499 59499 53011 53011 68969 79874 79874 88593 91592 91592 91592 88593 88593 79874 91592 100375 104318 104318 105409 105409 105409 104318 100375 100375 105409 112665 112665 112665 118554 118554 118554 124816 124816 124816 124816 137851 145288 147614 147614 147614 145288 145288 137851 137851 147614 151451 153969 153969 155573 155573 155573 153969 151451 151451 155573 167650 170513 172959 172959 172959 170513 170513 167650 167650 172959 181531 182129 189543 189543 189543 182129 182129 181531 181531 189543 196921 196921
100 0
10125 10125 10125 10125 23846 23846 23846 30444 30444 39442 48342 48342 48342 48342 62657 64365 64365 64365 64365 68059 68709 68709 68709 68709 82703 82703 82703 91183 91183 97657 97657 103386 103386 103386 111338 119474 119474 119474 119474 130267 130267 130267 132688 132688 149087 149087 153923 153923 153923 163354 163354 167236 167236 167236 177666 185616 185616 185616 185616 188369 188369 188369 194223 194223 201785 210289 210289 210289 210289 222063 222063 222063 222655 222655 227722 235424 235424 235424 235424 239258 240556 240556 240556 240556 250672 250672 250672 259322 259322 267578 277553 277553 277553 277553 285646 289625 289625 289625 289625 302855
100 0
12582 12582 18258 18258 20654 20654 20654 20654 37778 44537 44537 44537 37778 44537 52800 52800 58517 58517 58517 58517 65912 71049 71049 71049 65912 71049 77470 77470 80416 80416 80416 80416 84824 84824 88555 88555 88555 88555 97892 104589 104589 104589 97892 104589 118214 118214 118214 126155 126155 126155 134357 134357 136092 136092 136092 136092 143524 143524 153107 153107 153107 153107 157769 157769 165572 165572 165572 165572 174293 175498 175498 175498 174293 175498 183278 188599 188599 188599 183278 188599 200182 200182 202577 202577 202577 202577 215456 215456 219795 219795 219795 215456 223902 233774 233774 233774 223902 233776 233776 233776
100 0
9067 9067 16544 16886 16886 16886 16544 16544 16886 26667 35649 35649 37709 37709 37709 35649 26667 26667 37709 48861 54614 57949 57949 57949 54614 54614 48861 48861 57949 68469 68469 68469 75818 75818 75818 79479 79479 79479 79479 90547 97365 107032 107032 107032 97365 97365 90547 90547 107032 117096 120392 125234 125234 125234 120392 120392 117096 117096 125234 131674 131674 131674 139396 143857 143857 143857 139396 139396 143857 150212 150212 150212 154252 159728 159728 159728 154252 154252 159728 166797 168201 168201 168411 168411 168411 168201 166797 166797 168411 175733 177854 177854 177854 175733 175733 184188 184188 184188 184188 194028
100 0
7941 11847 11847 11847 7941 11847 21840 21840 21840 31208 31208 34407 34407 34407 31208 34407 43204 52994 52994 52994 43204 43204 55978 55978 55978 55978 62476 62476 70073 70073 70073 62476 70303 70303 70303 70303 78876 78876 78876 84703 89187 89187 89187 84703 84703 89187 100157 100157 108967 108967 110546 110546 110546 108967 100157 110546 121502 121502 127159 127159 134334 134334 134334 127159 121502 134334 145830 145830 145830 150100 151060 151060 151060 150100 150100 151060 160833 160833 160833 170084 176877 176877 176877 170084 170084 176877 179447 179447 179447 185483 185519 185519 185519 185483 185483 185519 194555 202234 202234 202234
100 0
5921 18061 18061 18061 27497 27497 40301 40301 40301 42555 42555 54610 54610 54610 64037 64037 80765 80765 80765 90200 90200 103202 104370 104370 104370 104370 111353 118290 118290 118290 118290 129777 129777 129777 136479 136479 151827 151827 151827 152113 152113 165675 174739 174739 174739 174739 188769 193799 193799 193799 193799 210025 210112 210112 210112 210112 217046 223680 223680 223680 223680 233490 241432 241432 241432 241432 251372 254586 254586 254586 254586 263179 263179 263179 266014 266014 266370 266370 275568 275568 275568 283027 287958 287958 287958 287958 307192 315202 315202 315202 315202 325791 332796 332796 332796 332796 340668 340668 341707 341707
100 0
6101 6101 10299 10299 10299 10299 18426 18426 18426 22166 22166 22166 24225 24225 24225 24225 29531 29531 29531 35893 45861 45861 45861 35893 35893 45861 59328 59328 59328 61269 65797 65797 65797 61269 61269 65797 72426 72426 72426 77572 77572 77572 78344 78344 78344 78344 85598 86718 94973 94973 94973 86718 86718 85598 85598 94973 106710 106710 106710 115991 124899 124899 124899 115991 115991 124899 136957 136957 136957 146173 146173 146173 147328 147328 147328 147328 152867 154559 155966 155966 155966 154559 154559 152867 152867 155966 166982 166982 168685 168685 168685 178376 178376 178376 166982 178376 189412 192801 192801 192801
100 0
17491 17491 17491 17753 17753 34440 34440 36830 36830 36830 47194 47194 47194 48369 48369 57898 58241 58241 58241 58241 69786 69786 69786 70639 70639 78574 83145 83145 83145 83145 91770 100885 100885 100885 100885 105181 105181 105181 112426 112426 125097 125097 125097 131658 131658 145220 145745 145745 145745 145745 160532 160532 164545 164545 164545 180271 187019 187019 187019 187019 193932 195589 195589 195589 195589 202539 202539 202539 207940 207940 217766 226123 226123 226123 226123 242405 249153 249153 249153 249153 253872 253872 253872 254633 254633 268607 268607 276264 276264 276264 288445 288445 290807 290807 290807 303239 307013 307013 307013 307013
100 0
13257 13257 13257 21994 28889 28889 28889 28889 38515 38515 42155 42155 42155 45268 45706 45706 45706 45706 64215 68247 68247 68247 68247 82653 92018 92018 92018 92018 110707 116153 116153 116153 116153 131035 135502 135502 135502 135502 145735 147740 147740 147740 147740 166011 166011 166011 169648 169648 177539 180655 180655 180655 180655 184020 192295 192295 192295 192295 200342 203380 203380 203380 203380 214292 214292 217039 217039 217039 225501 225501 234202 234202 234202 236895 236895 236895 237696 237696 253286 254322 254322 254322 254322 264881 266752 266752 266752 266752 272558 272558 273419 273419 273419 282908 282908 282908 290583 290583 304304 304304
100 0
9928 9928 9928 14882 14882 21137 21137 21137 14882 21137 31440 31450 31450 35137 35137 35137 31450 31440 31440 35137 41206 48473 48473 48473 41206 41206 50393 50393 50393 50393 65702 65702 65702 74309 74309 83025 83025 83025 74309 83025 97626 97626 105764 112496 112496 112496 105764 105764 97626 112496 118387 118387 118387 126734 133073 133073 133073 126734 126734 133073 142489 143614 143614 143857 143857 143857 143614 142489 142489 143857 149304 149304 152889 152889 152889 157232 157232 157232 149304 157232 161126 162579 170484 170484 170484 162579 162579 161126 161126 170484 173233 179028 188582 188582 188582 179028 179028 173233 173233 188582
100 0
6391 12737 12737 12737 6391 12737 24298 24755 24755 24755 24298 29184 29184 29184 24298 29184 43847 49446 49446 56211 56211 56211 49446 43847 43847 56211 67341 67341 67341 73251 73251 81385 81385 81385 73251 81385 84583 84583 84583 92877 97311 97311 97311 92877 92877 97311 112584 117587 119004 119004 119004 117587 117587 112584 112584 119004 126281 126281 126922 130168 130168 130168 126922 126922 126281 130168 134015 138946 138946 139960 139960 139960 138946 134015 134015 139960 153091 159877 159877 159877 153091 153091 165854 165854 165854 165854 176101 178941 184465 184465 184465 178941 178941 176101 176101 184465 201139 201139 201139 203103
100 0
4527 4527 4527 4527 10520 19622 20534 20534 20534 19622 19622 10520 10520 20534 22855 22855 25253 29984 29984 29984 25253 25253 22855 29984 40640 41853 49288 49288 49288 41853 41853 40640 40640 49288 62725 66943 68514 68514 68514 66943 66943 62725 62725 68514 77893 77893 87390 90188 90188 90188 87390 87390 77893 90188 100744 100744 102226 111792 111792 111792 102226 102226 100744 111792 122565 122565 122565 124620 124620 128337 128337 128337 124620 128337 133905 133905 133905 136708 143475 143475 143475 136708 136708 143475 148727 148727 153118 153118 153118 148727 155328 155328 155328 155328 161378 161665 161665 161665 161378 161378
100 0
16291 16291 22027 31265 31265 31265 22027 31265 41288 41288 41942 41942 41942 41942 46185 46185 46185 49926 49926 49926 59375 59375 63838 63838 63838 63838 75910 75910 76243 76243 76243 76243 81746 85314 85314 85314 81746 85314 89284 89284 89284 95144 95144 95144 108309 108309 115163 115163 115163 115163 125315 125315 133718 133718 133718 133718 145358 147866 147866 147866 145358 147866 156600 161132 161132 161132 156600 161132 175793 175793 175793 179501 179501 179501 184197 184197 184197 184600 184600 184600 187338 187338 194275 194275 194275 194275 201815 204550 210786 210786 210786 204550 220553 220553 222873 222873 222873 220553 204550 201815
100 0
15177 15177 22240 22240 22240 23559 23559 23559 15177 23559 32459 39343 39343 43483 43483 50320 51629 51629 51629 50320 50320 52982 52982 52982 43483 58637 58637 58637 39343 58637 62080 62080 69181 71348 73693 74253 81129 87198 87198 87198 81129 81129 74253 74253 73693 73693 71348 71348 69181 87198 93996 93996 93996 97965 100243 100243 100335 107306 107306 112223 112223 117703 117703 117703 112223 107306 100335 100335 100243 117703 127404 127404 129572 131697 139604 139604 141297 141297 141297 144321 144321 147398 147398 147398 144321 139604 131697 131697 129572 147398 158937 162195 162195 162195 169154 171999 171999 171999 169154 169154
100 0
12458 12458 17147 17147 17147 21915 21915 36611 36611 40871 40871 40871 46687 46687 46687 49665 49665 59025 67006 67006 67006 67006 70499 74405 74405 74405 74405 88569 95663 95663 95663 95663 105830 108917 108917 108917 108917 114443 121373 121373 121373 121373 135488 144213 144213 144213 144213 156678 163530 163530 163530 163530 174402 174402 174402 176230 176230 193789 193789 200730 200730 200730 211013 211013 211013 216029 216029 233194 241542 241542 241542 241542 248699 255692 255692 255692 255692 263312 263312 264100 264100 264100 277703 277703 277703 278962 278962 286148 294789 294789 294789 294789 302428 308172 308172 308172 308172 313024 313024 313024
100 0
7273 7273 7273 16950 19580 19580 19580 23232 23232 23232 16950 16950 23232 29449 34676 34676 37534 37534 37534 34676 29449 29449 37534 55201 55201 55201 63974 66621 66621 66621 63974 63974 66621 81108 81108 87197 87197 90518 90518 90518 87197 81108 90518 101952 101952 107956 107956 117171 117171 117171 107956 101952 117171 129744 135272 141693 141693 141693 135272 135272 129744 129744 141693 151218 151218 157868 157868 157868 166537 166537 166537 151218 166537 173065 173065 175136 175136 175136 175766 175766 175766 173065 175766 178617 181299 181299 181299 183006 183006 183006 178617 178617 183006 192910 199787 199787 209074 209074 209074 199787
100 0
7826 7826 7826 7826 9574 9574 9574 17506 17506 17506 30251 30251 36360 36360 36360 36360 37654 46394 46394 46394 37654 46394 58240 58240 58240 63258 63258 63258 79822 89465 89465 89465 79822 89465 94394 101025 101025 101025 94394 101025 109855 109855 109855 115177 115177 115177 121533 131344 131344 131344 121533 131344 141567 142390 142390 142390 141567 142390 154450 160889 160889 160889 154450 160889 166500 170075 170075 170075 166500 170075 183144 189831 189831 189831 183144 189831 197487 199984 199984 199984 197487 199984 213914 222047 222047 222047 213914 222047 235654 235654 235654 245187 251774 260856 260856 260856 251774 251774 245187 245187
100 0
9264 9264 9264 25152 34736 34736 34736 25152 34736 36497 36497 36497 44291 44291 44291 54926 58735 58735 58735 54926 58735 66862 66862 67840 67840 67840 67840 83090 91849 91849 91849 83090 91849 106953 106953 106953 116569 116569 116569 126447 126447 126447 133480 133480 133480 142226 142226 143221 143221 143221 143221 148604 152407 152407 152407 148604 152407 165578 165578 165578 170213 170213 170213 176250 181103 181103 181103 176250 181103 191532 191532 191532 198527 198527 198527 206528 213796 213796 213796 206528 213796 218014 218014 218014 222947 222947 222947 233105 233105 234745 244075 250478 250478 256243 256243 256243 250478 244075 244075 234745
100 0
7369 18548 26432 26432 26432 26432 33786 34676 34676 34676 34676 46846 54056 54056 54056 54056 63239 69125 69125 69125 69125 78649 82562 82562 82562 82562 87711 92714 92714 92714 92714 100880 106595 106595 106595 106595 112425 112425 112425 119135 119135 127499 134641 134641 134641 134641 141698 141698 141698 150278 150278 156341 160159 160159 160159 160159 175528 178725 178725 178725 178725 182649 182649 186514 186514 186514 192151 192151 194011 194011 194011 202362 202362 202362 206286 206286 217740 217740 220500 220500 220500 234739 234739 236672 236672 236672 252876 258047 258047 258047 258047 274448 284012 284012 284012 284012 290116 293346 293346 293346
100 0
7098 7098 25403 25403 25403 30782 30782 30782 37818 47345 47345 47345 37818 47345 58956 58956 58956 67252 67252 67252 80637 80637 80637 90486 90486 90486 104657 110067 110067 110067 104657 110067 117680 117680 117680 121327 121327 121327 138549 138549 143181 143181 143181 143181 146530 153857 153857 153857 146530 153857 165363 165363 169532 169532 169532 169532 178307 182407 182407 182407 178307 182407 185098 185098 185098 192979 192979 192979 201205 210063 210063 210063 201205 210063 215325 218652 218652 218652 215325 218652 229974 233490 233490 233490 229974 233490 241415 241415 241415 246986 246986 255759 264415 267687 267687 267687 264415 264415 255759 255759
100 0
11164 11164 19064 19064 21852 26088 35931 35931 35931 26088 26088 21852 21852 35931 45462 45462 45462 45747 51441 52822 59182 59182 63986 71986 71986 71986 63986 63986 59182 52822 52822 51441 51441 71986 74551 74551 81353 81353 81353 74551 90115 90115 90115 97520 97520 104767 112102 112713 112713 112713 112102 112102 104767 112713 126823 126823 126823 134694 140510 141000 141000 145841 145841 153316 161485 161485 161485 153316 153316 145841 141000 140510 140510 161485 171977 181360 184416 186147 186531 188380 197422 197422 197422 188380 188380 186531 186531 186147 186147 184416 184416 181360 181360 197422 211881 211881 214744 214744 214744 211881
100 0
4434 4434 12298 12848 15040 18086 18086 18086 15040 24703 24703 24703 15040 12848 12848 12298 12298 4434 24703 27411 30093 40070 40070 41980 41980 46552 47195 52906 52906 52906 47195 47195 46552 46552 41980 40070 30093 30093 52906 69130 69130 69130 70519 72268 72268 72268 78080 78080 78080 85449 94682 94682 99928 99928 99928 94682 85449 85449 99928 113093 117135 127083 127083 127083 117135 117135 113093 113093 135061 135061 135061 140778 149113 154177 154177 154177 149113 149113 154177 171466 171466 177869 177869 177869 171466 179561 183144 183144 183144 179561 187372 190199 190199 198850 198850 198850 190199 187372 198850 207707
100 0
7786 9810 9810 9810 9810 16134 16134 16134 25338 25338 32662 32662 32662 42239 48425 56216 56216 64392 64392 64392 56216 48425 48425 42239 64392 65669 65669 65669 75162 80758 84377 84377 84377 91864 91864 95703 95703 97017 97017 97017 95703 91864 80758 80758 97017 99707 99707 99707 107735 107735 107735 113775 120690 127397 127397 136642 136642 144980 144980 144980 136642 127397 120690 120690 144980 159165 168570 168570 175460 182600 182637 182637 183261 189593 189593 189593 183261 183261 182637 182600 182600 175460 175460 168570 189593 194964 194964 201834 209736 218398 225439 225439 225439 218398 218398 209736 209736 201834 201834 194964
100 0
9510 20063 25107 34700 43510 47382 50563 54884 54884 54884 50563 50563 47382 47382 43510 43510 34700 34700 25107 25107 54884 65504 65504 70733 70733 71251 78018 78991 78991 78991 88574 88574 88574 89405 89405 89405 78018 78018 71251 71251 89405 95821 95821 104853 104853 104853 105982 108969 110531 112337 121546 121546 121546 112337 112337 110531 110531 108969 108969 105982 121546 127726 127726 127726 133209 138236 145183 145183 149630 149910 156907 156907 156907 149910 149910 149630 149630 145183 138236 138236 156907 169249 174249 174249 180377 180759 182115 182564 185641 185641 185641 182564 182564 182115 182115 180759 180759 180377 180377 174249
100 0
15262 15262 15262 23474 33183 37105 46975 48691 52079 52079 57760 57760 57760 52079 48691 48691 46975 46975 37105 37105 33183 33183 57760 72927 79840 79840 79840 87782 94665 104416 110658 115503 115503 115503 110658 110658 104416 104416 94665 94665 87782 87782 115503 127591 127591 129032 129032 129032 131293 131293 136941 136941 136941 142998 142998 142998 144612 144612 144612 152462 152462 152462 152462 165843 174341 174341 174341 183399 183399 184566 184566 191997 197982 200164 200164 200164 197982 197982 191997 191997 184566 183399 200164 215525 215525 215525 225310 225310 225310 230766 233316 233316 233316 230766 239858 241911 241911 241911 239858 239858
100 0
3101 3101 11823 20204 23831 29862 32769 32769 40685 44900 44900 44900 40685 40685 32769 29862 29862 23831 23831 20204 20204 44900 52072 61137 61137 65089 65089 65089 61137 52072 52072 67015 68834 70940 70940 77777 77777 77777 70940 68834 68834 77777 88130 88130 88130 88316 88316 88316 96379 96379 98655 98655 107612 109519 110498 110498 110498 109519 109519 107612 107612 110498 112409 114047 120316 121508 127443 127443 127443 121508 127763 128742 128742 128742 127763 127763 121508 120316 120316 114047 114047 128742 130831 130831 130831 132542 136086 142554 142554 142554 136086 143882 143882 143882 147426 147426 147426 136086 132542 132542
100 0
7308 19701 19701 19736 19736 19736 33168 40859 40859 40859 40859 49572 49572 58343 58343 58343 61869 61869 61869 61988 61988 68044 76284 76284 76284 76284 89265 89265 89265 95672 95672 100340 102024 102024 102024 102024 111309 111309 111788 111788 111788 120438 120438 120438 121753 121753 132761 132761 139572 139572 139572 147051 148033 148033 148033 148033 159112 159112 165206 165206 165206 181902 189709 189709 189709 189709 199392 199392 204023 204023 204023 221466 221466 221466 228297 228297 238631 247860 247860 247860 247860 260900 266170 266170 266170 266170 267875 276387 276387 276387 276387 289240 295681 295681 295681 295681 299144 299144 299144 303595
100 0
6570 6570 6570 6570 14884 20088 20088 20088 20088 27904 27904 32177 32177 32177 44899 44899 44899 47181 47181 55723 57263 57263 57263 57263 70436 70436 76593 76593 76593 92720 92912 92912 92912 92912 108414 109389 109389 109389 109389 122340 122340 122340 122885 122885 128295 135930 135930 135930 135930 141643 148593 148593 148593 148593 152855 159809 159809 159809 159809 168607 168607 176387 176387 176387 180678 183978 183978 183978 183978 184902 184902 192663 192663 192663 207683 211631 211631 211631 211631 227267 227267 227796 227796 227796 238592 244465 244465 244465 244465 254255 256247 256247 256247 256247 259546 259546 267838 267838 267838 273318
100 0
15432 15432 15432 15432 27439 27439 35809 35809 35809 42369 42369 48526 48526 48526 53242 57039 57039 57039 57039 64177 73724 73724 73724 73724 88320 88320 88320 91587 91587 102868 102868 102868 110270 110270 127242 127242 135429 135429 135429 141599 147391 147391 147391 147391 155236 164679 164679 164679 164679 174724 174724 182395 182395 182395 184858 184858 193004 193004 193004 201383 201383 201383 208471 208471 212563 212563 219890 219890 219890 228617 228617 237085 237085 237085 254070 254070 254070 259763 259763 264022 264022 269211 269211 269211 271972 276964 276964 276964 276964 284573 289374 289374 289374 289374 307637 315207 315207 315207 315207 325419
100 0
8523 8523 8523 8523 26323 32879 32879 35079 35079 35079 32879 26323 26323 35079 49589 57604 57604 64559 64559 64559 57604 49589 49589 64559 64975 64975 73118 73118 73118 80007 80007 80007 64975 80007 82120 82120 82120 85702 85702 85702 90988 90988 90988 90988 105186 105186 107602 115731 115731 115731 107602 107602 105186 115731 119954 119954 119954 123022 132553 132553 132553 123022 123022 132553 141048 151008 152512 152512 152512 151008 151008 141048 141048 152512 160885 165483 166720 166720 166720 165483 165483 160885 160885 166720 180933 185453 190931 190931 190931 185453 185453 180933 180933 190931 197259 205366 205366 205366 197259 197259
100 0
8875 15002 15496 15496 21172 21282 21282 28647 28647 34505 34505 34505 28647 21282 21172 42041 42041 42041 21172 15496 42041 49994 59340 66355 73021 76855 76855 76855 79783 79783 81559 81559 81559 79783 73021 73021 66355 66355 59340 59340 81559 92094 101315 101315 101315 110639 116596 117397 117397 124927 124927 124927 127524 127524 127524 117397 116596 116596 110639 110639 127524 139678 147117 152607 152607 152607 147117 147117 152797 152797 152797 139678 162487 162487 162487 168878 176502 176502 176502 168878 176502 189593 190664 190664 190664 189593 189593 192484 193733 200155 201886 201886 201886 201971 201971 201971 200155 200155 193733 193733
100 0
6452 6452 6452 9204 9204 14761 14761 17248 17248 22966 22966 22966 17248 22966 33631 39829 45470 45470 45470 39829 39829 49007 57471 57471 57471 60188 60188 65172 65172 65172 60188 49007 49007 65172 75557 76609 78427 84104 84104 88559 94737 94737 94737 100485 100485 100485 88559 88559 84104 78427 78427 76609 76609 100485 105322 105322 108042 108042 117413 117413 117413 108042 105322 121554 121554 126934 132667 135283 135283 135283 132667 132667 126934 135283 151122 151122 152146 159546 159546 159546 163319 163319 172214 172214 179823 183013 183013 183013 179823 179823 172214 163319 152146 183013 188755 195641 195641 195641 188755 188755
100 0
8073 8073 8073 23968 28198 28198 28198 28198 31957 31957 31957 32307 32307 34777 34777 34777 41662 41662 52342 52342 52342 61694 61694 66851 66851 66851 68466 68466 80163 88235 88235 88235 88235 104028 110672 110672 110672 110672 120794 120794 127650 127650 127650 134131 134131 134131 139254 139254 147195 149277 149277 149277 149277 162874 162874 162874 170202 170202 182652 185318 185318 185318 185318 198412 205193 205193 205193 205193 217915 217915 217915 219184 219184 229487 229487 231104 231104 231104 241318 241707 241707 241707 241707 252734 252734 258270 258270 258270 264345 273829 273829 273829 273829 287966 289246 289246 289246 289246 298287 298287
100 0
13068 13068 23676 32059 32059 32059 23676 32059 38669 38669 43893 43893 43893 43893 56702 65162 65162 65162 56702 65162 80894 84482 84482 84482 80894 84482 93811 93811 93811 101528 101528 101528 105203 105203 115017 115017 115017 115017 123105 125514 125514 125514 123105 125514 135974 135974 137435 137435 137435 137435 152883 156388 156388 156388 152883 156388 173549 180974 180974 180974 173549 180974 189834 189834 190811 190811 190811 190811 203870 203870 205339 205339 205339 205339 212393 215062 215062 215062 212393 215062 221817 221817 223070 223070 223070 223070 229325 229325 229325 237666 242511 242511 242511 237666 242664 242664 246721 246721 246721 242664
100 0
12491 12491 17244 17244 17244 17244 26145 26145 26145 35841 35841 35841 41785 41787 41787 45550 45550 45550 52273 52273 52273 62170 62170 62170 41787 62170 71315 71315 71315 75134 80012 84559 91633 97372 97372 97372 103674 103674 103674 91633 91633 84559 84559 80012 80012 103674 116148 116148 122433 122433 127437 137139 137139 139377 145338 149467 149467 149467 145338 145338 139377 139377 137139 127437 127437 149467 158997 166947 172083 176632 182651 192264 192264 192264 182651 199198 199198 199198 182651 176632 176632 172083 172083 166947 166947 199198 209309 209309 209309 217581 227102 227102 227102 235470 235470 235470 242594 242594 242594 217581
100 0
2821 8317 17907 17907 17907 8317 8317 2821 17907 25599 27980 35003 35003 35003 27980 27980 25599 25599 35003 46536 48283 48283 48283 46536 57236 57236 57236 46536 57236 66644 68874 78564 78564 78564 68874 68874 66644 66644 78564 97707 98408 98408 102606 102606 102606 98408 97707 97707 102606 108395 110714 111228 111228 111228 110714 110714 108395 108395 111228 116490 117288 121524 121524 121524 117288 117288 116490 116490 121524 139651 144549 144549 144549 139651 146892 146892 146892 139651 146892 152740 157549 157549 157549 162478 162478 162478 152740 152740 162478 166123 166123 166123 168669 172010 172010 172010 168669 168669 172010 186311
100 0
8991 8991 11821 11821 11821 15214 15214 15214 29080 29080 29080 29292 29292 29292 39971 42841 42841 42841 39971 42841 51460 51460 51460 58758 58758 58758 66535 66535 66535 74112 74112 74112 84550 90147 90147 90147 84550 90147 94427 94427 97222 97222 97222 97222 103250 111510 111510 111510 103250 111510 122699 122699 126274 126274 126274 126274 134574 144487 144487 144487 134574 144487 151654 155952 155952 155952 151654 155952 172182 180549 180549 180549 172182 180549 187821 187821 196046 196046 196046 196046 204525 211789 211789 211789 204525 211789 217740 217740 217740 227281 227281 229302 235991 237286 237286 237286 235991 235991 229302 229302
100 0
5791 5791 5791 5791 17094 17094 17094 26116 34626 34626 34626 26116 42656 47264 47264 47264 48506 57518 57518 57518 48506 48506 42656 57518 75137 76413 85143 94745 97933 97933 101961 101961 101961 97933 94745 94745 108949 108949 108949 85143 85143 76413 76413 108949 115104 115104 115104 118626 119093 120962 120962 127891 127891 127891 128324 136050 136050 136050 128324 128324 120962 119093 119093 136050 145270 145270 145270 145872 145872 151892 159669 159669 159669 163204 163204 165634 168742 168742 168742 165634 165634 163204 151892 168742 180747 180747 190051 194827 194827 194827 204564 204564 213486 213486 213486 204564 215787 215787 215787 190051
100 0
6112 6112 23465 23465 33339 38610 43381 43381 52601 54506 56835 56835 56835 54506 54506 52601 52601 43381 38610 38610 33339 56835 65524 65524 65524 67881 69440 69440 69509 75769 75769 75769 69509 83520 83520 91143 91143 91143 83520 69509 69440 91143 101796 101796 101796 104894 106892 106892 106892 104894 112313 112313 116054 118893 120420 120420 120420 118893 118893 116054 116054 120420 135486 135486 135486 138554 144778 144778 144778 138554 147351 150562 150562 150562 147351 153796 153796 153796 147351 157731 157731 157731 171883 172296 181620 187662 187662 189660 189660 189660 196964 196964 196964 187662 181620 181620 172296 172296 171883 171883
100 0
6519 16359 16359 16359 6519 16359 25382 29656 29656 29656 25382 29656 42124 42124 42124 49233 49233 49233 62513 62513 62513 70190 70190 70190 79843 89613 89613 89613 79843 89613 99891 99891 99891 106138 106138 106138 120709 120709 123117 123117 123117 123117 134206 134206 134206 135520 135520 135520 147325 152639 152639 152639 147325 152639 163397 171287 171287 171287 163397 171287 188487 188487 188487 195629 195629 195629 207048 209056 209056 209056 207048 209056 214956 214956 214956 224736 224736 224736 240780 240895 240895 240895 240780 240895 252135 254727 254727 254727 252135 254727 259983 268641 268641 268641 272876 272876 272876 259983 259983 280078
100 0
11935 11935 11935 23817 23817 29340 29340 29340 36776 43053 43053 43053 43053 53426 63071 63071 63071 63071 66655 66655 66655 69340 69340 80956 80956 80956 90008 90008 97233 97233 103947 103947 103947 115481 115481 115481 118502 118502 130024 130024 137841 137841 137841 146822 154933 154933 154933 154933 166536 166536 166536 169480 169480 170661 171320 171320 171320 171320 179971 179971 179971 180588 180588 195425 195425 195425 200648 200648 206266 206266 212301 212301 212301 216727 225077 225077 225077 225077 241978 249106 249106 249106 249106 259173 259173 262131 262131 262131 268288 277659 277659 277659 277659 292768 298818 298818 298818 298818 310655 310655
100 0
11712 11712 11712 16525 16525 16525 31979 35151 35151 35151 31979 35151 47222 47222 57085 57085 57085 57085 69427 70899 70899 70899 69427 70899 76426 85519 85519 85519 76426 85519 94534 94534 94534 96410 96410 96410 110230 110230 116777 116777 116777 116777 125801 133253 133253 133253 125801 133253 143095 143210 143210 143210 143095 143210 152213 152213 152213 154910 154910 154910 159107 161104 161104 161104 159107 161104 170712 170712 170712 177201 177201 177201 188121 189648 189648 189648 188121 189648 194596 200434 200434 200434 194596 200434 215873 215873 215873 221245 221245 221245 225177 233509 239400 239400 244339 244339 244339 239400 233509 233509
100 0
12319 19016 19016 24881 24881 24881 19016 12319 31793 36239 39163 39163 39163 36239 36239 31793 31793 39163 47498 47498 47498 53822 56348 59238 59238 62073 62073 62073 67269 70737 70737 70737 67269 67269 59238 56348 56348 70737 81142 81601 83207 83301 83301 83301 83207 87633 87633 92675 92675 100933 100933 100933 92675 87633 83207 81601 81601 100933 113311 113311 117482 125387 132489 141288 141288 141288 132489 132489 147553 147553 147553 125387 125387 117482 117482 149663 149663 149663 157088 157088 166099 166099 166099 157088 169001 177274 177274 177274 177606 177606 177606 184558 184558 193795 193795 193795 184558 193795 198673 198673
100 0
10940 18594 18594 18594 18594 34229 42348 42348 51591 61411 62573 64480 64480 73681 73681 73681 64480 62573 62573 61411 61411 51591 51591 42348 73681 83222 93149 95566 95566 95566 93149 98199 98199 102253 102253 102253 98199 111829 121286 121286 121286 111829 111829 93149 121286 127795 128921 128921 128921 131981 131981 131981 127795 127795 139462 147089 147089 149192 156157 156157 156157 149192 149192 147089 156157 163088 163088 163088 169572 169572 171543 171543 171543 169572 180514 180514 180514 186961 186961 186961 192789 195369 195369 195369 195369 205093 205093 205093 208033 212520 212520 212520 208033 221112 223581 223581 223581 221112 221112 208033
100 0
9929 9929 9929 9929 22000 29728 29728 29728 29728 31647 31647 38612 38612 38612 47291 47291 47291 48754 48754 58627 58627 59184 59184 59184 75560 75560 75560 82965 82965 86513 86513 86513 94936 94936 114068 123613 123613 123613 123613 129804 135403 135403 135403 135403 140025 142986 142986 142986 142986 155187 159688 159688 159688 159688 171270 179847 179847 179847 179847 191641 198513 198513 198513 198513 210940 211518 211518 211518 211518 225322 228154 228154 228154 228154 233498 241225 241225 241225 241225 254539 254539 254539 262261 262261 276723 276723 278794 278794 278794 291818 294124 294124 294124 294124 297975 302047 302047 302047 302047 315695
100 0
1460 12098 12098 12098 16687 16687 16687 21111 21111 21111 21111 28912 28912 28912 33094 33094 33094 36152 36152 36152 36152 41273 44843 52450 52450 52450 44843 44843 41273 41273 52450 64466 64466 64466 66828 75670 75670 75670 66828 66828 75670 79071 79071 79071 79110 79110 83233 83233 83233 79110 83233 98356 102497 107372 107372 107372 102497 102497 98356 98356 107372 122872 130601 130601 130601 122872 122872 131384 131384 131384 131384 137601 142341 142341 148578 148578 148578 142341 137601 137601 148578 164194 166508 166508 166508 171885 171885 171885 164194 164194 171885 178458 178458 180876 183534 183534 183534 180876 180876 178458
100 0
17645 17645 19418 22508 22508 22508 19418 19418 22508 33298 33853 33853 33853 33298 41677 41677 41677 47384 47384 56788 62853 62853 62853 65174 65174 65174 56788 56788 65174 74703 82998 82998 82998 74703 91116 91116 93311 98822 103748 108885 108885 108885 103748 103748 98822 98822 93311 93311 108885 125074 125074 132641 135048 135048 135048 132641 132641 135387 137536 137536 137536 138274 147561 147561 147561 138274 138274 135387 147561 166286 166286 173247 173247 173247 181230 186765 186765 191655 193261 193261 198465 198465 198465 193261 191655 191655 186765 181230 198465 202954 202954 210752 218463 218463 226910 226910 226910 218463 210752 210752
100 0
14086 16792 16792 16792 17173 17173 17173 17173 26963 36433 40166 40166 40166 36433 48167 48167 49431 49431 49431 50752 55167 55167 55167 50752 50752 48167 36433 55167 74269 74269 83072 89231 90513 97263 98469 106982 106982 106982 98469 98469 97263 97263 90513 90513 89231 89231 83072 106982 109666 109666 115611 118911 126677 126677 126960 129159 129159 131064 131064 131064 129159 126960 126960 126677 118911 118911 115611 131064 140597 150145 158013 164802 167468 167468 168171 173687 173687 173687 168171 168171 167468 164802 164802 158013 158013 150145 150145 173687 184384 184384 184384 193630 193630 196993 204954 204954 204954 196993 196993 193630
100 0
15466 15466 17747 18976 18976 18976 17747 17747 18976 30425 30425 31578 36231 36231 36231 31578 31578 30425 36231 49514 53775 62462 62462 62462 53775 53775 49514 49514 62462 67113 75426 75426 75426 67113 76389 76389 76389 67113 76389 93235 93235 93235 99199 105396 105396 105396 99199 99199 105396 115505 115505 116865 116865 116865 120544 120544 120544 115505 120544 130660 130660 137127 146874 146874 146874 137127 137127 130660 146874 155234 158512 158512 159347 159347 159347 158512 155234 155234 159347 163030 163736 165155 165155 165155 163736 163736 163030 163030 165155 166875 166875 172208 172208 180215 180215 180215 172208 166875 180215 182429
100 0
7353 7353 7353 25999 25999 27456 27456 27456 27456 39718 39718 40374 40374 40374 40374 48215 57564 57564 57564 48215 57564 71114 76342 76342 76342 71114 76342 86913 86913 96746 96746 96746 96746 103987 113818 113818 113818 103987 113818 122412 122586 122586 122586 122412 122586 124257 124257 125982 125982 125982 125982 138001 145274 145274 145274 138001 145274 159241 165509 165509 165509 159241 165509 179987 179987 180695 180695 180695 180695 195219 195219 203290 203290 203290 203290 218721 222845 222845 222845 218721 222845 227520 234140 234140 234140 227520 234140 245203 247395 254969 254969 259814 266238 266238 266238 259814 259814 254969 247395 247395
100 0
5561 10491 19049 19049 19049 10491 10491 5561 19049 21213 25215 25215 33485 33485 33485 25215 21213 21213 33485 37787 41251 49770 49770 49770 41251 41251 37787 37787 49770 57239 59972 61983 61983 61983 59972 59972 57239 57239 61983 67433 67433 73639 73639 73639 67433 79826 79826 79826 79826 81974 90718 90718 90718 81974 81974 99719 99719 99719 99719 110568 111595 113767 113767 113767 111595 111595 110568 110568 113767 119750 122723 129957 129957 129957 122723 122723 119750 119750 129957 132937 139437 142198 142198 142198 139437 139437 132937 132937 142198 156083 156083 159762 159762 159762 162030 162030 162030 156083 162030 167159
100 0
8971 8971 12918 12918 12918 29694 39057 39057 39057 39057 51447 53267 53267 53267 53267 69240 75079 75079 75079 75079 87584 93931 93931 93931 93931 107561 107561 114639 114639 114639 125469 129724 129724 129724 129724 133576 133576 133576 138523 138523 155462 155462 158967 158967 158967 176251 176251 176251 179319 179319 192639 198917 198917 198917 198917 206270 207792 207792 207792 207792 221857 231095 231095 231095 231095 249115 257855 257855 257855 257855 267727 276307 276307 276307 276307 281206 282520 282520 282520 282520 300870 300870 300870 301483 301483 317301 317301 320223 320223 320223 323531 323531 325353 325353 325353 338473 344245 344245 344245 344245
100 0
11460 11460 25473 25473 25473 30745 39329 39329 39329 30745 30745 39329 56166 56166 60374 60374 61962 61962 61962 60374 56166 61962 74467 74467 83298 91136 91136 91136 83298 83298 74467 91136 101685 108709 116912 116912 116912 108709 108709 101685 101685 116912 125336 125336 126021 126021 131976 131976 131976 126021 125336 131976 140475 140475 145213 147807 147807 147807 145213 145213 140475 147807 156574 156574 156574 164186 164186 170627 170627 170627 164186 170627 185652 190614 190614 195357 195357 195357 190614 185652 185652 195357 206854 206854 206854 213990 214780 214780 214780 213990 213990 214780 225838 232068 235901 235901 235901 232068 232068 225838
100 0
4724 4724 7474 8362 8362 13734 13734 13734 8362 18733 18733 18733 7474 7474 4724 18733 26206 33410 33410 33410 37959 37959 42268 45281 45281 51509 51509 51509 45281 52633 52633 52633 42268 42268 37959 52633 65990 65990 68196 68196 74008 81730 81730 81730 82267 86294 86294 86294 95091 95091 95091 82267 82267 74008 74008 95091 106687 106687 106687 109707 109707 109707 111101 111101 111101 113617 113617 113617 121245 128517 132237 132237 132237 128517 128517 132237 144610 144610 149321 156271 156271 156271 149321 149321 164263 164263 164263 144610 167562 167562 170441 170441 178848 178848 178848 178848 192603 199161 199161 199161
100 0
6269 16781 21525 21835 21835 31019 31019 31019 21835 36842 36842 39951 39951 49144 49144 49144 39951 36842 21525 21525 49144 56919 58411 58411 58411 59048 59048 59048 56919 56919 65798 68852 71065 72291 72291 72291 71065 71065 68852 68852 72291 82643 82643 83235 86760 87765 97113 97113 97113 97830 97830 98406 98406 98406 97830 87765 87765 86760 86760 83235 98406 112286 112286 121655 121655 126575 133931 135231 135231 135231 135885 135885 144434 144434 144434 135885 133931 133931 126575 126575 144434 157562 157562 166891 174260 181074 183512 183512 183512 190304 196148 196148 196148 190304 190304 181074 181074 174260 174260 166891
100 0
10791 14556 14556 14556 10791 10791 14556 20576 20576 20576 21601 21601 28424 28424 28424 21601 28424 37941 38239 38239 38239 37941 37941 45816 45816 45816 45816 51914 51914 51914 53309 61207 61207 61207 53309 53309 61207 69816 69816 69816 70086 70340 70340 70340 70086 70086 70340 85713 85713 85713 94558 94558 96576 96576 96576 94558 96576 111208 120603 126210 126210 126210 120603 120603 111208 111208 126210 139764 139764 148788 148788 148788 148841 148841 148841 139764 148841 160575 163650 163650 169458 169458 169458 163650 160575 160575 169458 178502 178502 182156 187191 187191 187191 182156 182156 178502 187191 199228 199228 199228
100 0
11204 11204 11204 11204 27138 33544 33544 33544 27138 33544 34886 34886 34886 39828 39828 39828 51056 51056 51056 58865 58865 58865 66089 66089 73597 73597 73597 73597 85718 89370 89370 89370 85718 89370 94245 100586 100586 100586 94245 100586 111901 111901 120872 120872 120872 120872 135713 141702 141702 141702 135713 141702 157381 165215 165215 165215 157381 165215 173982 173982 175149 175149 175149 175149 176631 180973 180973 180973 176631 180973 192193 192193 202111 202111 202111 202111 213397 219658 219658 219658 213397 219658 222982 222982 222982 231388 231388 231388 234485 243333 243333 243333 234485 234485 250708 250708 250708 257180 257180 257180
100 0
15434 15434 26219 26219 26219 30710 30710 41431 41431 44287 44287 44287 56410 63120 63120 63120 63120 74637 74637 79110 79110 79110 97828 103124 103124 103124 103124 109327 111471 111471 111471 111471 119104 121248 121248 121248 121248 135325 135325 141809 141809 141809 148000 148000 148000 155872 155872 164774 168643 168643 168643 168643 180329 188989 188989 188989 188989 198226 202228 202228 202228 202228 211154 211154 211154 214071 214071 223034 223034 223034 227197 227197 235101 235101 243789 243789 243789 258555 258555 262565 262565 262565 273060 279115 279115 279115 279115 287177 287177 289268 289268 289268 304473 304473 304473 307095 307095 311289 311289 311289
100 0
8559 8559 11310 11310 11310 20169 27801 27801 27801 20169 20169 34439 34439 34439 34439 37675 37675 37675 47647 47647 47647 53516 53516 53516 53516 63360 63360 68104 68232 68232 68232 68104 68104 63360 68232 85450 85450 86691 86691 88182 88182 88182 86691 85450 88182 103167 103167 105680 105680 114829 114829 114829 105680 103167 114829 124522 125989 125989 131560 131560 131560 125989 124522 124522 131560 140421 140421 141738 141738 141738 140421 144334 144334 144334 144334 154922 158663 158663 158663 160503 160503 160503 154922 154922 160503 171885 175075 184496 184496 184496 175075 175075 171885 171885 184496 195057 197493 197493 197493 195057
100 0
14361 23284 23284 23284 23284 31655 40626 40626 40626 40626 56490 56490 63785 63785 63785 74452 74452 74662 74662 74662 90464 96930 96930 96930 96930 112419 112419 120129 120129 120129 135209 135209 135209 137247 137247 149085 154965 154965 154965 154965 167280 170686 170686 170686 170686 175639 180407 180407 180407 180407 192350 192350 195176 195176 195176 207571 217024 217024 217024 217024 231238 231238 231238 232555 232555 239429 244998 244998 244998 244998 250357 253604 253604 253604 253604 261267 261267 261267 267035 267035 269718 269718 269718 279369 279369 285607 285607 289001 289001 289001 298399 304072 304072 304072 304072 316690 322294 322294 322294 322294
100 0
17471 20589 20589 25905 25905 25905 20589 17471 25905 37040 37040 37040 42646 44885 52473 52473 52473 60388 62417 70973 70973 70973 62417 62417 60388 60388 44885 44885 70973 85390 85703 89379 93036 93036 93036 89379 89379 101476 109014 109014 109014 101476 116017 116017 116017 101476 85703 85703 116017 123011 123011 123011 132286 139512 139512 139512 132286 143637 145345 153514 158834 158834 158834 153514 153514 145345 145345 143637 158834 171443 171443 171443 174328 174328 181101 181101 187367 187367 191855 191855 201233 206311 206311 206311 201233 201233 191855 187367 206311 219182 219182 219182 226846 230071 230739 230739 230739 230071 230071 226846
100 0
7705 7705 7705 7705 19430 27663 27663 27663 27663 35752 43473 43473 43473 43473 46979 46979 46979 56206 56206 68424 76301 76301 76301 76301 85338 94598 94598 94598 94598 106848 106848 109557 109557 109557 119643 120521 120521 120521 120521 135091 138281 138281 138281 138281 153001 153001 153001 155884 155884 165267 174440 174440 174440 174440 187508 187508 195164 195164 195164 208208 213056 213056 213056 213056 220140 220140 229558 229558 229558 244756 251401 251401 251401 251401 261804 264016 264016 264016 264016 272316 272316 272565 272565 272565 283670 283670 286155 286155 286155 299689 299689 309252 309252 309252 316654 323482 323482 323482 323482 330152
100 0
4740 4740 4740 4740 14782 14782 15296 15296 15296 21877 21877 27726 27726 27726 39127 40612 40612 40612 40612 47874 47874 47874 56922 56922 63777 65879 65879 65879 65879 71992 71992 71992 75945 75945 90175 92888 92888 92888 92888 104609 104609 111973 111973 111973 119597 127457 127457 127457 127457 137238 143900 143900 143900 143900 155804 155804 155804 159270 159270 174065 181093 181093 181093 181093 193746 203541 203541 203541 203541 210345 220287 220287 220287 220287 230505 230505 230505 239840 239840 251253 251253 253056 253056 253056 270721 270721 276693 276693 276693 288822 288822 288822 289615 289615 296115 296115 296115 302425 302425 312103
100 0
15211 15211 18909 21600 21600 29235 29235 29235 21600 18909 18909 29235 37273 40882 45230 45230 45230 40882 40882 37273 37273 45230 59311 65253 74469 74469 74469 65253 65253 59311 59311 74469 86811 93327 94055 94055 94055 93327 93327 86811 86811 94055 98929 98929 98929 102151 102151 102151 102548 102548 102548 102548 116127 122676 122676 122676 116127 116127 125198 125198 125198 125198 130203 130203 133454 133454 133454 130203 137135 137135 137135 137135 142033 146281 152850 152850 152850 146281 146281 142033 142033 152850 164078 169099 169099 170867 170867 170867 169099 164078 164078 170867 184514 190387 193364 193364 193364 190387 190387 184514
100 0
2767 2767 2767 2767 19291 19291 22187 28512 28512 28512 22187 22187 19291 28512 30431 30431 39404 39404 47279 47279 47279 39404 30431 47279 62755 62755 62755 65083 65749 65749 65749 65083 65083 65749 73731 77860 77860 85517 85517 85517 77860 73731 73731 85517 95171 101768 101768 101768 102919 102919 102919 95171 95171 102919 111754 114380 114380 114380 111754 123130 123130 123130 111754 123130 138613 138613 138613 148501 154523 154523 154523 148501 148501 154523 164154 166709 166709 166709 168249 168249 168249 164154 164154 168249 174539 176267 176267 176267 174539 174539 185357 185357 185357 185357 196804 196804 196804 199738 199738 199738
100 0
6149 8482 17626 17626 17626 8482 8482 6149 17626 25254 34734 34734 37921 37921 37921 34734 25254 25254 37921 50919 56461 59832 59832 59832 56461 56461 50919 50919 59832 75343 75343 77837 81237 81237 81237 77837 77837 75343 81237 88241 88241 91530 92675 92675 92675 91530 91530 88241 92675 104278 104278 109441 109441 109441 110415 110415 110415 104278 110415 125160 125160 130166 130166 130166 132881 132881 132881 125160 132881 137292 137292 137292 140880 140880 145527 145527 145527 140880 145527 156072 156072 159192 162877 162877 162877 159192 159192 156072 162877 173409 173409 173409 182387 182387 182387 188282 188282 188282 188282 201168
100 0
7058 7058 12292 12292 18142 18142 18142 18142 25085 25085 29662 29662 29662 29662 34111 34111 34111 40852 40852 40852 50172 50172 50172 59680 59680 59680 63974 63974 66957 66957 66957 66957 70422 70422 70422 77400 77400 77400 84943 84943 84943 87624 87624 87624 92312 92312 92312 97467 97467 97467 112215 113813 113813 113813 112215 113813 129816 129816 133373 133373 133373 133373 147689 153357 153357 153357 147689 153357 159341 159341 159341 159703 159703 159703 172531 172531 172531 176175 176175 176175 191027 196789 196789 196789 191027 196789 211162 211162 215204 218012 218012 218012 215204 215204 211162 224995 224995 224995 234103 234103
100 0
9155 11665 16765 16765 23960 23960 23960 16765 11665 11665 23960 37792 37792 37792 43160 43160 43160 51453 57542 57542 61110 67049 67049 71593 71593 71593 67049 61110 61110 57542 71593 82055 82055 82055 83091 83091 86635 87050 87050 87050 91532 99533 99533 103738 103738 103738 99533 91532 91532 86635 103738 108255 108255 108255 114054 114054 114054 114712 115180 115180 115180 123492 123492 132838 132838 132838 141819 141819 141819 123492 141819 159742 161799 167153 167153 167378 167378 167378 167153 161799 161799 159742 159742 171646 171646 171646 172733 172733 172733 181317 181317 188739 191118 191118 192736 192736 192736 191118 188739 188739
100 0
4382 12800 12800 12800 17616 17616 17616 24431 24685 24685 24685 24431 24685 26507 29206 29206 29206 26507 29206 35065 37056 37056 37056 35065 37056 40638 49492 49492 49492 40638 49492 58134 58134 64996 64996 64996 64996 70531 70531 72469 72469 72469 72469 83691 83691 86658 86658 86658 86658 97578 97578 102963 102963 102963 102963 111789 111789 111789 119920 119920 119920 132485 132485 132485 141166 141166 141166 148890 158458 158458 158458 148890 158458 164813 164813 164813 166153 166153 166153 173710 174242 174242 174242 173710 174242 190634 200551 200551 200551 206030 206030 215941 215941 219876 219876 219876 215941 206030 190634 190634
100 0
14485 15703 15703 15703 15703 25382 33689 33689 33689 33689 42117 51983 51983 51983 51983 60335 60335 69136 69136 69136 83352 83352 83352 86393 86393 93523 93523 93523 94087 94087 110896 110896 110896 113692 113692 129853 129853 129853 139232 139232 149748 149748 149748 154041 154041 173701 173701 174651 174651 174651 181643 181643 184630 184630 184630 194840 202288 202288 202288 202288 217029 223270 223270 223270 223270 225569 229807 229807 229807 229807 246127 252427 252427 252427 252427 262088 262088 270891 270891 270891 278253 287871 287871 287871 287871 293110 302056 302056 302056 302056 319563 325737 325737 325737 325737 338842 346032 346032 346032 346032
100 0
6130 6130 6130 18083 27372 27372 27372 27372 36376 38098 38098 38098 38098 51601 51601 51601 53711 53711 70570 71713 71713 71713 71713 79665 79665 81864 81864 81864 95455 95455 100322 100322 100322 114441 114441 114441 121173 121173 134658 134658 134658 139343 139343 146710 146710 151275 151275 151275 160735 164895 164895 164895 164895 181551 181551 181901 181901 181901 194564 200645 200645 200645 200645 216152 216152 224897 224897 224897 240950 243944 243944 243944 243944 254681 258608 258608 258608 258608 267313 275304 275304 275304 275304 291934 291934 296088 296088 296088 313138 313138 313138 318579 318579 321716 327888 327888 327888 327888 329335 329335
100 0
6338 12037 12037 12037 17284 17284 17284 21782 21782 22338 22338 22338 22338 37143 37143 37143 42426 42426 42426 48191 48191 49749 49749 49749 49749 60566 60566 61265 61265 61265 61265 75505 75505 75505 76013 76013 76013 82822 91041 91041 91041 82822 91041 105259 111125 111125 111125 105259 111125 128912 128912 128912 131573 131573 131573 137073 137073 146946 146946 146946 146946 149189 150672 150672 150672 149189 150672 159145 159145 159145 166072 166072 166072 180985 189453 189453 189453 180985 189453 195556 195556 197104 197104 197104 197104 207433 207433 217048 220880 220880 229866 229866 238723 238723 238723 229866 220880 217048 217048 207433
100 0
10637 11691 11691 11691 10637 11691 26344 35788 35788 35788 26344 35788 38915 48299 48299 48299 38915 48299 63262 63262 66144 66144 66144 66144 72320 74649 74649 74649 72320 74649 81167 81167 83447 83447 83447 83447 91883 97204 97204 97204 91883 97204 110697 110697 110697 117895 117895 117895 121056 121056 121056 124185 124185 124185 132091 134741 134741 134741 132091 134741 145297 154745 154745 154745 145297 154745 168252 168252 168252 169244 169244 169244 183441 188156 188156 188156 183441 188156 191067 191067 192348 192348 192348 192348 204286 212219 212219 212219 204286 212219 225813 235648 235648 236166 236166 243251 243251 243251 236166 235648
100 0
802 13722 13960 13960 13960 13960 23535 29226 29226 29226 29226 43478 50756 50756 50756 50756 59875 62957 62957 62957 62957 76952 76952 76952 77515 77515 85254 85254 87906 87906 87906 98525 106874 106874 106874 106874 120310 127322 127322 127322 127322 139849 145469 145469 145469 145469 156983 162257 162257 162257 162257 178771 186497 186497 186497 186497 202871 210916 210916 210916 210916 223382 229163 229163 229163 229163 236934 238304 238304 238304 238304 246259 246731 246731 246731 246731 257509 257509 257509 263330 263330 277384 277384 277608 277608 277608 291011 292247 292247 292247 292247 301735 302765 302765 302765 302765 319971 321077 321077 321077
100 0
11317 11317 19300 19300 19300 35033 35033 35033 43824 43824 52087 60650 60650 60650 60650 68409 68409 68409 77495 77495 91164 91164 91164 95574 95574 106579 106579 115876 115876 115876 129532 129532 134273 134273 134273 144344 144678 144678 144678 144678 161478 164277 164277 164277 164277 179263 179263 179263 186328 186328 197398 205245 205245 205245 205245 214387 222036 222036 222036 222036 226919 227453 227453 227453 227453 234987 234987 244447 244447 244447 257841 261699 261699 261699 261699 272284 274834 274834 274834 274834 287464 287464 292168 292168 292168 301235 301235 301235 305810 305810 309193 309193 311959 311959 311959 328060 335604 335604 335604 335604
100 0
8936 8936 20805 28582 28582 28582 20805 20805 37370 37370 37370 37370 42140 51223 51223 51223 42140 54356 54356 54356 42140 54356 69438 73201 73201 81440 81440 81440 73201 69438 69438 81440 100020 107366 110889 110889 110889 107366 107366 100020 100020 110889 121677 121677 121677 124902 124902 124902 128443 128443 128443 128443 140242 140242 140242 144393 144393 144393 146244 146244 146244 146244 150183 150183 157355 157355 157355 162318 162318 162318 150183 162318 176595 176595 180748 182260 182260 182260 180748 180748 176595 182260 192125 192125 194758 194758 194758 192125 202302 202302 202302 202302 213486 219537 219537 224922 224922 224922 219537 213486
100 0
2076 14732 19768 19768 19768 19768 30558 34878 34878 34878 34878 42890 44938 44938 44938 44938 57833 58037 58037 58037 58037 68260 74996 74996 74996 74996 85725 93601 93601 93601 93601 107071 112279 112279 112279 112279 120725 130554 130554 130554 130554 142890 148355 148355 148355 148355 164799 169777 169777 169777 169777 180443 181629 181629 181629 181629 188105 189161 189161 189161 189161 205220 212702 212702 212702 212702 219735 219735 219735 223595 223595 237589 237589 237589 246411 246411 251012 251012 251012 252833 252833 258616 258616 261737 261737 261737 277720 282883 282883 282883 282883 294924 296910 296910 296910 296910 303378 303378 303378 311464
100 0
9969 9969 9969 14790 14790 20838 20838 20838 25756 25756 25756 34372 39980 39980 39980 34372 39980 56638 56638 60933 60933 60933 60933 69583 69583 69583 71455 71455 71455 77155 77753 77753 77753 77155 77753 88879 88879 91363 91363 91363 91363 98822 98822 98822 107454 107454 107454 117296 117296 117296 119614 119614 119614 132801 132801 132801 135610 135610 135610 145760 152380 152380 152380 145760 152380 166528 167877 167877 167877 166528 167877 173734 177904 177904 177904 173734 177904 187628 195623 195623 195623 187628 195623 203156 207327 207327 207327 203156 207327 213674 223139 223139 227694 233774 233774 233774 227694 227694 223139 213674
100 0
5851 5851 5851 5851 24247 24247 24247 33538 33538 46950 54799 54799 54799 54799 58053 61791 61791 61791 61791 77357 87291 87291 87291 87291 99174 102162 102162 102162 102162 116730 116730 126571 126571 126571 141494 141494 141494 148766 148766 151177 151177 151177 159087 159087 160914 165127 165127 165127 165127 176325 184237 184237 184237 184237 194331 203905 203905 203905 203905 217503 223518 223518 223518 223518 237068 237483 237483 237483 237483 250806 256183 256183 256183 256183 260617 261196 261196 261196 261196 273953 273953 275403 275403 275403 280070 280070 284919 284919 284919 299736 304535 304535 304535 304535 313717 320284 320284 320284 320284 324387
100 0
8353 8353 13467 13467 13467 28902 37544 37544 37544 28902 37544 37983 37983 40763 40763 40763 40763 50111 50111 50111 56716 56716 56716 63606 63606 65847 65847 65847 65847 74700 76592 76592 76592 74700 76592 88036 88036 88036 97691 97691 97691 105262 108057 108057 108057 105262 108057 121057 124249 124249 124249 121057 124249 131881 137608 137608 137608 131881 137608 141895 148544 148544 148544 141895 148544 152868 152868 154864 154864 154864 154864 168871 168871 168871 175578 175578 175578 180704 185922 185922 185922 180704 185922 201160 201530 201530 201530 201160 201530 212118 221386 221386 221386 227587 231753 231753 231753 227587 227587 212118
100 0
7015 18644 23476 23476 23476 18644 23476 34830 34830 34980 34980 34980 34980 49595 54075 54075 54075 49595 54075 63341 72455 72455 72455 63341 72455 77523 85965 85965 85965 77523 85965 93723 93723 93723 94013 94013 94013 96019 102315 102315 102315 96019 102315 107200 113677 113677 113677 107200 113677 120386 120386 123967 123967 123967 123967 127010 127621 127621 127621 127010 127621 140117 140117 144580 144580 144580 144580 160552 160552 160552 170429 170429 170429 181396 190151 190151 190151 181396 190151 204993 210449 210449 210449 204993 210449 216124 226076 226076 226076 227353 234258 234258 238125 238125 238125 234258 227353 227353 216124 216124
100 0
1805 1805 12445 12445 12445 13707 13707 27329 27329 27329 36266 36266 43615 45546 45546 45546 45546 59693 64349 64349 64349 64349 75607 75607 75607 76565 76565 86738 86738 88037 88037 88037 100136 107771 107771 107771 107771 113890 116602 116602 116602 116602 133280 138166 138166 138166 138166 152237 153353 153353 153353 153353 165558 165558 165558 174715 174715 176140 181466 181466 181466 181466 198028 198028 198028 202927 202927 220459 227719 227719 227719 227719 233973 239664 239664 239664 239664 246919 246919 253746 253746 253746 270173 270173 270173 270953 270953 279814 279814 280175 280175 280175 294817 297792 297792 297792 297792 310973 310973 310973
100 0
14474 14474 14474 18000 18000 18000 28266 35895 35895 35895 28266 43175 43175 43175 28266 43175 46774 46774 46774 48707 48707 48707 53467 53467 53467 53467 56752 56752 60041 68468 68468 68468 60041 60041 56752 68468 82289 82289 82289 91693 99329 99329 99329 91693 91693 99329 106138 106138 106138 107474 107474 107474 108641 108641 108641 108641 126203 126203 126203 135959 138025 138025 138025 135959 135959 138025 147129 147129 154523 161569 161569 161569 154523 154523 147129 161569 176067 176067 180551 180551 188528 188528 188528 180551 176067 188528 204906 208349 209304 209304 209304 208349 208349 204906 204906 209304 219071 219071 222647 222647
100 0
5118 12071 12071 13949 13949 13949 12071 5118 13949 28023 31568 31568 31933 31933 31933 31568 28023 28023 31933 45108 48688 48688 54275 54275 54275 48688 45108 45108 54275 68091 74371 74371 74371 76989 76989 76989 68091 68091 76989 83919 83919 83919 91582 97086 97086 97086 91582 91582 97086 99821 102968 102968 102968 103807 103807 103807 99821 99821 103807 115159 116687 116687 123355 123355 123355 116687 115159 115159 123355 129666 129818 129818 131230 131230 131230 129818 129666 129666 131230 139211 143602 144584 144584 144584 143602 143602 139211 139211 144584 147080 147080 155789 158157 158157 158157 155789 155789 147080 158157 169129
100 0
6535 12121 20367 20367 20367 12121 12121 6535 20367 27101 29312 38672 38672 38672 29312 29312 27101 27101 38672 49506 49506 49506 58353 59736 59736 59736 58353 58353 59736 68443 70479 78313 78313 78313 70479 70479 68443 68443 78313 87584 91508 98582 98582 98582 91508 91508 87584 87584 98582 105058 108458 113206 113206 113206 108458 108458 105058 105058 113206 128261 133825 140482 140482 140482 133825 133825 128261 128261 140482 151097 154588 162541 162541 162541 154588 154588 151097 151097 162541 170641 172030 172030 172030 180785 180785 180785 170641 170641 180785 193183 194377 194868 194868 194868 194377 194377 193183 193183 194868 209630
100 0
5034 8604 9808 9808 16565 16565 16814 23845 23845 23845 16814 16814 16565 9808 8604 8604 23845 31094 31094 32553 33109 33109 37092 44221 46703 46703 46703 56609 56609 56609 44221 44221 37092 37092 33109 32553 56609 73732 75854 83249 90485 90485 94320 98226 98226 98226 94320 99488 99488 99488 94320 90485 83249 83249 75854 75854 99488 103546 103546 108198 108198 108198 117720 117720 118345 118345 118345 126166 126546 128968 128968 128968 126546 126546 126166 126166 128968 134565 138717 138717 138717 134565 147135 154538 154538 154538 161377 161377 170378 170378 177469 177469 177469 170378 161377 147135 177469 193646 193646 193646
100 0
193646 195574 193646 197492 193646 200119 205083 200119 211204 200119 218266 218733 218266 224944 218266 229804 230177 229804 239708 229804 243673 253368 243673 256304 243673 261003 262243 261003 272143 261003 275457 284485 275457 293611 275457 303484 310119 303484 310753 303484 314697 315627 314697 316561 314697 324466 326649 324466 332136 324466 337765 342472 337765 346237 337765 350134 357466 350134 366193 350134 366209 370602 366209 376146 366209 378723 384326 378723 390241 378723 392348 398266 392348 403875 392348 405268 412235 405268 415434 405268 423078 423358 423078 425583 423078 432351 438854 432351 447712 432351 451464 451909 451464 458047 451464 459083 467431 459083 475751 459083
100 0
966166 616401 101340 1000000 390073 1000000 247487 1000000 197794 826806 841597 121262 864597 64397 121046 960786 1000000 752062 790125 365910 650343 55156 237548 753525 760465 834295 246555 372834 213040 881201 115952 179205 13953 217291 317968 404026 863906 565454 948258 61699 908612 789855 699312 773208 854251 336710 250345 442047 88771 556822 324308 739114 611977 561856 492638 888793 912502 255544 777978 641893 136744 893929 337449 667049 627571 655416 71074 491476 220869 19331 69526 645832 325537 768837 419039 696139 105546 185736 138186 710669 742557 462493 966134 354533 540700 975123 759677 453201 230666 537654 611445 1000000 431582 948893 550810 59152 604308 138235 66979 825177
