100
100 0
111632 111632 111632 111632 111632 111632 111632 111632 111632 111632 111632 111632 111632 111632 111632 111632 111632 111632 111632 111632 111632 111632 111632 111632 111632 111632 111632 111632 111632 111632 111632 111632 111632 111632 111632 111632 111632 111632 111632 111632 111632 111632 111632 111632 111632 111632 111632 111632 111632 111632 111632 111632 111632 111632 111632 111632 111632 111632 111632 111632 111632 111632 111632 111632 111632 111632 111632 111632 111632 111632 111632 111632 111632 111632 111632 111632 111632 111632 111632 111632 111632 111632 111632 111632 111632 111632 111632 111632 111632 111632 111632 111632 111632 111632 111632 111632 111632 111632 111632 111632
100 0
7903 14748 14748 14748 17820 17820 25301 25301 33013 39759 39759 39759 43156 43156 52072 52072 59814 59814 59814 52072 43156 33013 33013 25301 17820 7903 7903 59815 65041 65041 67907 69637 69637 69637 74337 74337 74337 78155 79757 83787 83787 83787 83900 91906 91906 94665 94665 94665 91906 83900 83900 79757 101096 103935 112994 112994 112994 120934 123345 123345 132227 132227 132227 140322 140840 146955 152163 153782 153782 158966 158966 160579 162277 162277 162277 160579 160579 158966 153782 152163 152163 146955 146955 140840 140840 140322 140322 123345 120934 120934 103935 103935 101096 101096 79757 78155 78155 67907 67907 65041
100 0
1626 1626 1626 9838 9838 9838 16177 16177 16177 16178 22253 22253 23690 23690 23690 22253 29721 36508 39478 44652 44652 44652 39478 39478 36508 36508 29721 29721 48872 58850 58850 63198 63198 63198 58850 48872 48872 63199 69197 74508 74508 82739 83970 86845 86845 86845 92404 96023 96023 96023 92404 92404 83970 83970 82739 82739 74508 69197 69197 96024 97296 97296 97296 105423 105512 111992 111992 121048 121048 122623 122623 129527 129527 129527 122623 121048 111992 105512 105512 105423 105423 137125 137125 142952 144104 149486 149486 155573 155573 165277 165277 165277 155573 149486 144104 144104 142952 142952 137125 165278
100 0
6777 6777 6777 6778 9928 9928 9928 9929 12407 12407 12407 12408 15390 15390 15390 15391 24421 24421 24421 24422 32089 32089 32089 32090 34444 34444 34444 34445 39253 39253 39253 39254 39584 39584 39584 39585 45111 45111 45111 45112 49242 49242 49242 49243 51438 51438 51438 51439 52981 52981 52981 52982 62747 62747 62747 62748 68182 68182 68182 68183 73129 73129 73129 73130 82847 82847 82847 82848 86924 86924 86924 86925 94580 94580 94580 94581 100810 100810 100810 100811 105035 105035 105035 105036 110782 110782 110782 110783 112760 112760 112760 112761 116560 116560 116560 116561 118263 118263 118263 118264
100 0
6188 6188 6188 10797 10797 10797 12630 19783 19783 19783 20710 29564 36124 40067 40067 40067 36124 36124 29564 29564 45335 47706 47706 57388 57388 57388 47706 57507 57507 57507 58369 58369 61119 69496 69496 69496 70200 70200 70200 61119 77158 81365 87429 92503 92503 92503 87429 87429 81365 81365 101477 106844 106844 106844 101477 101477 110819 110819 110819 115482 116366 116366 116366 118111 118111 118956 128318 128318 128318 118956 134630 134630 137996 137996 137996 134630 143529 143529 144135 144135 147798 147798 152051 152051 152051 147798 154198 154198 154198 161006 165713 165713 165713 168515 177438 184956 184956 184956 177438 177438
100 0
1 1 1 4 4 4 7 7 7 10 10 10 13 13 13 16 16 16 19 19 19 22 22 22 25 25 25 28 28 28 31 31 31 34 34 34 37 37 37 40 40 40 43 43 43 46 46 46 49 49 49 52 52 52 55 55 55 58 58 58 61 61 61 64 64 64 67 67 67 70 70 70 73 73 73 76 76 76 79 79 79 82 82 82 85 85 85 88 88 88 91 91 91 94 94 94 97 97 97 465551
100 0
997 5062 10926 16007 16007 16007 10926 10926 5062 5062 25451 25451 25451 30310 37564 37564 37564 30310 30310 37565 46964 51195 51195 51195 55329 55329 55329 46964 46964 55330 55331 56285 58797 67026 67026 67026 58797 58797 56285 56285 67027 76138 80164 88352 88352 88352 80164 80164 76138 76138 95490 100107 107978 107978 107978 100107 100107 95490 95490 107979 112808 112808 112808 121241 121241 124373 124373 124373 121241 124374 134355 138047 138634 138634 138634 138047 138047 134355 134355 138635 138636 144914 146191 146191 146578 146578 146578 146191 144914 144914 146730 146730 156417 156417 157071 157071 157071 156417 146730 157072
100 0
5541 5541 5541 5648 5648 11750 14804 14804 14804 11750 14804 19792 19792 29647 29647 29647 29647 40630 40630 40630 50242 50242 50242 61053 61053 61053 69808 69808 69808 78923 80291 80291 80291 78923 80291 83250 87148 87148 87148 83250 87148 99143 99143 105097 105097 105097 105097 112321 112321 112321 117923 117923 117923 127138 127138 133680 133680 133680 133680 135745 138376 138376 138376 135745 138376 145122 145122 147373 147373 147373 147373 163110 172887 172887 172887 163110 172887 187783 196099 196099 196099 187783 196099 206948 214176 214176 214176 206948 214176 225142 225142 225142 234441 234441 239194 243484 243484 243484 239194 239194
100 0
3120 3120 3120 11388 11388 11388 18224 18224 28723 28723 37391 37391 37391 46498 52903 52903 52903 52903 64566 72724 72724 72724 72724 80945 80945 80945 89205 89205 101923 107952 107952 107952 107952 120479 123392 123392 123392 123392 134447 134447 134447 143607 143607 151451 151451 152835 152835 152835 161565 166896 166896 166896 166896 173305 173305 175748 175748 175748 185946 186880 186880 186880 186880 199151 204677 204677 204677 204677 211619 221218 221218 221218 221218 232229 242090 242090 242090 242090 250818 257145 257145 257145 257145 259481 264010 264010 264010 264010 273496 273496 275480 275480 275480 285884 294264 294264 294264 294264 297781 297781
100 0
13297 19625 24314 24314 24314 19625 19625 13297 13297 24314 34762 34762 39612 39612 41273 42358 51159 54311 58618 58618 58618 54311 54311 51159 51159 42358 42358 41273 41273 58618 68843 78154 78154 85870 86732 89369 91120 91120 91988 91988 91988 91120 89369 89369 86732 86732 85870 85870 78154 91988 107781 117519 127072 135276 135276 135276 137135 137135 143299 153084 153084 153084 143299 143299 137135 127072 127072 117519 117519 153084 165470 173485 182301 183715 183715 193230 193230 193230 199483 202678 202678 202678 199483 199483 183715 182301 182301 173485 173485 202678 213669 213669 223225 223225 232486 232486 232486 223225 213669 235915
100 0
5133 5133 6773 11764 11764 11764 6773 6773 11764 18092 21791 21791 21791 27290 27290 27290 18092 18092 27290 41210 49834 51573 51573 51573 49834 49834 41210 41210 51573 60014 60014 60014 68377 73656 73656 73656 68377 68377 73656 85235 85235 88362 88362 88362 92468 92468 92468 85235 92468 101089 101089 101089 101194 101194 105736 105736 105736 101194 105736 120989 121855 121855 121855 122226 122226 122226 120989 120989 122226 132236 140534 144943 144943 144943 140534 140534 132236 132236 144943 152886 159542 160027 160027 160027 159542 159542 152886 152886 160027 171487 173928 173928 177098 177098 177098 173928 171487 171487 177098 179322
100 0
12573 12573 12573 15178 22065 22065 22065 22065 30884 35830 35830 35830 35830 42220 42220 48511 48511 48511 57501 57501 57501 58211 58211 73523 73523 73523 76571 76571 83617 87977 87977 87977 87977 95935 95935 95940 95940 95940 104744 104744 109473 109473 109473 122497 122497 125298 125298 125298 133569 133569 138533 138533 138533 148260 148260 157086 157086 157086 164948 164948 164948 173733 173733 177759 183875 183875 183875 183875 196117 196117 196117 196874 196874 203188 205949 205949 205949 205949 218638 218638 218638 225878 225878 228647 228966 228966 228966 228966 243043 243043 243043 247758 247758 262336 262336 262336 265533 265533 276170 276170
100 0
11868 11868 11868 21369 21514 21514 31436 31436 37972 38235 38235 38235 44559 44559 44559 37972 53021 53021 53021 37972 31436 21514 53021 63296 63296 69273 77171 80720 80720 86395 88043 92330 92330 92330 88043 88043 86395 86395 80720 77171 77171 69273 92330 102821 102821 102821 109011 111475 111475 111475 117423 117423 123078 131688 141231 141231 141231 131688 131688 123078 123078 117423 141231 145196 145196 145196 149591 149591 149591 151841 161092 161092 161092 151841 151841 162592 171563 171563 171563 181142 181142 181142 181142 190455 198814 198814 207602 207602 207602 209801 209801 209801 212627 212627 217701 217701 217701 212627 198814 190455
100 0
18185 18185 27015 27015 27015 27015 43470 43470 43470 47397 48078 48078 48078 47397 47397 48078 58733 58733 67062 68377 68377 68377 67062 67062 58733 68377 84928 84928 84928 92664 102334 102334 102334 92664 92664 102334 105196 105196 105196 113858 113858 119594 119594 119594 113858 119594 130248 134535 134590 134590 134590 134535 134535 130248 130248 134590 150914 153326 159079 159079 159079 153326 153326 150914 150914 159079 167148 167148 167148 171708 180362 180362 180362 171708 171708 180362 181019 181099 181888 181888 181888 181099 181099 181019 181019 181888 184569 185058 192946 192946 192946 185058 185058 184569 184569 192946 209397 217690 217690 217690
100 0
9507 18995 18995 18995 18995 24589 24589 25902 25902 25902 43970 43970 50780 50780 50780 67983 67983 67983 71356 71356 89699 89699 96995 96995 96995 103236 105184 105184 105184 105184 115245 115245 120563 120563 120563 128825 128825 128825 130795 130795 138841 143778 143778 143778 143778 156055 163028 163028 163028 163028 174462 176688 176688 176688 176688 185629 185629 193181 193181 193181 204153 214040 214040 214040 214040 223197 223197 223197 227440 227440 236512 241153 241153 241153 241153 253390 253390 253390 261351 261351 276024 276024 283229 283229 283229 289528 289528 291098 291098 291098 301629 301629 308281 308281 308281 320905 320905 320905 321512 321512
100 0
14005 17850 23079 23079 26683 28374 28374 28374 26683 26683 23079 17850 17850 14005 14005 28374 38623 41554 47557 47557 48835 48835 48835 52546 52546 54915 55565 55565 55565 54915 54915 52546 47557 41554 41554 55565 69649 69649 71945 76379 86344 87469 94619 94619 94619 87469 98330 98330 98330 87469 86344 86344 76379 76379 71945 98330 104085 112288 112288 117198 120999 120999 125897 125897 126208 126208 126208 131359 131359 131359 125897 120999 117198 117198 112288 131359 142360 152342 152342 152342 155876 155876 158271 166899 173239 173239 173239 181329 181329 181329 166899 166899 158271 158271 155876 181329 195149 195149 195149 201802
100 0
8061 15810 15810 17039 17039 17039 17039 31256 31256 31256 40381 40381 40381 46243 51955 51955 51955 46243 51955 61853 61853 62420 62420 62420 62420 76235 76235 85234 85234 85234 85234 93597 93597 93597 96072 96072 96072 108254 108254 117217 117217 117217 117217 124082 124082 133560 133560 133560 133560 152489 153483 153483 153483 152489 153483 162072 171756 171756 171756 162072 171756 190478 190478 194929 194929 194929 194929 203996 203996 209135 209135 209135 209135 222769 222769 222769 228612 228612 228612 244805 244805 249857 249857 249857 249857 253601 253601 260917 260917 264827 264827 264827 260917 253601 266942 266942 273506 273506 273506 266942
100 0
12671 12671 12671 15623 15623 27835 27835 27835 33254 33254 47263 47263 47263 57252 57252 68486 68486 68486 74310 74310 81515 81515 81515 86020 86020 99374 99374 107757 107757 107757 115016 115016 122181 122181 122181 130040 131325 131325 131325 131325 138341 138341 146210 146210 146210 152866 155899 155899 155899 155899 173679 175831 175831 175831 175831 185134 185171 185171 185171 185171 191538 195423 195423 195423 195423 211507 211507 211507 215602 215602 224795 224795 230505 230505 230505 242380 242380 242380 251834 251834 257426 263963 263963 263963 263963 272339 272562 272562 272562 272562 276612 276612 276612 286361 286361 292212 292212 292212 293931 293931
100 0
8998 13767 13767 13767 13767 17368 17368 25720 25720 31863 31863 31863 25720 17368 31863 44502 44502 44502 49781 54866 54866 54866 49781 49781 54866 61821 69125 69125 69125 61821 61821 72314 72314 72314 72314 86893 90288 92096 92096 92096 90288 90288 86893 86893 92096 102075 104000 104000 104000 110327 110327 110327 102075 102075 110327 125100 125100 128672 131308 131308 131308 128672 128672 125100 131308 139266 139266 139519 146874 146874 146874 139519 139519 139266 146874 156254 156254 156254 161958 169955 169955 169955 161958 161958 169955 172595 175932 176716 176716 176716 175932 175932 172595 172595 176716 180022 180022 189496 189496 189496
100 0
6050 14324 14395 14395 15869 15869 15869 14395 14324 14324 15869 22034 22034 22034 28884 28884 31559 31559 31559 28884 31559 38481 38481 38481 39396 45971 45971 45971 39396 39396 45971 53325 61796 70518 70518 70518 61796 61796 53325 53325 70518 73839 75034 75034 75034 73839 73839 80680 80680 80680 80680 90163 90163 90163 96628 99964 99964 99964 96628 96628 99964 106062 106062 106062 106468 106468 110366 110366 110366 106468 110366 112874 117401 117401 117401 112874 112874 123486 123486 123486 123486 133336 136297 139542 139542 139542 136297 136297 133336 133336 139542 156387 156387 156387 160109 162864 162864 162864 160109 160109
100 0
7849 13729 13729 15011 16844 16844 26115 26115 26115 31657 31969 31969 31969 32512 32512 32512 31657 31657 16844 15011 32512 44425 54405 61154 61154 61154 54405 54405 44425 44425 70694 78679 78679 78679 70694 83320 84801 84801 84801 83320 84801 90123 90123 91162 91162 98760 98760 98760 91162 107046 110930 114976 114976 120550 120550 120550 114976 110930 110930 107046 120550 135149 138635 138635 138635 135149 148448 148448 148448 157910 157910 157910 161945 161945 161945 167953 167953 167953 135149 169514 169514 183825 189799 189799 189799 183825 183825 190648 190648 190648 196669 206494 212541 221833 221833 221833 212541 212541 206494 206494
100 0
8085 8085 18438 18756 18756 18756 18438 18756 26890 26890 26890 36337 36337 36337 45280 45280 45323 45323 45323 45323 55476 55476 58102 58102 58102 58102 73093 73093 79446 79446 79446 79446 93361 93361 99391 99391 99391 99391 117687 117687 126565 126565 126565 126565 138336 138336 147096 147096 147096 147096 157687 159595 159595 159595 157687 159595 176099 181378 181378 181378 176099 181378 187880 196035 196035 196035 187880 196035 210796 210796 210796 214768 214768 214768 228639 228639 234727 234727 234727 234727 245418 245418 245418 251292 251292 251292 256269 256269 256269 260902 268052 269420 269420 272417 272417 272417 269420 268052 268052 260902
100 0
2541 5218 5218 5218 5218 15070 15070 15070 19187 19187 33563 43187 43187 43187 43187 54846 64408 64408 64408 64408 77623 78252 78252 78252 78252 92362 92362 92362 94651 94651 110819 118138 118138 118138 118138 122917 122917 124002 124002 124002 137415 138496 138496 138496 138496 143502 151113 151113 151113 151113 159719 167647 167647 167647 167647 171598 178070 178070 178070 178070 189796 189796 193420 193420 193420 201590 210936 210936 210936 210936 221278 221278 221515 221515 221515 231454 231454 233634 233634 233634 242400 242664 242664 242664 242664 252460 252460 252460 258887 258887 264112 266441 266441 266441 266441 268080 272672 272672 272672 272672
100 0
12005 12005 12005 12005 21790 28282 28282 28282 31751 31751 31751 21790 21790 31751 46948 50600 50600 50600 50606 50606 50606 46948 46948 50606 65055 65055 65055 67184 75831 75831 75831 67184 67184 75831 90162 90162 99847 101879 101879 101879 99847 99847 90162 101879 108022 110127 110127 117814 117814 117814 110127 108022 108022 117814 132019 132019 135385 135385 142281 142281 142281 135385 132019 142281 147763 153723 153723 161810 161810 161810 153723 147763 147763 161810 165601 165601 168476 172152 172152 172152 168476 168476 165601 172152 180684 182170 185452 185452 185452 182170 182170 180684 180684 185452 203581 203581 203581 212192 212192 212192
100 0
16867 16867 16867 20457 23241 23241 23241 23241 40124 40124 45530 45530 45530 55993 65663 65663 65663 65663 78355 84446 84446 84446 84446 87064 87064 87064 91370 91370 106656 106656 106656 112021 112021 124187 133583 133583 133583 133583 146778 156386 156386 156386 156386 163642 163642 167196 167196 167196 180625 184144 184144 184144 184144 199809 203314 203314 203314 203314 217438 221510 221510 221510 221510 231567 231567 231567 240400 240400 251397 254903 254903 254903 254903 259753 267755 267755 267755 267755 282602 282602 290337 290337 290337 300320 309770 309770 309770 309770 314644 315348 315348 315348 315348 320001 320001 320001 320495 320495 333258 333258
100 0
17176 17176 26022 26761 26761 26761 26022 26022 26761 30466 33413 33413 36251 36251 36251 33413 30466 30466 36251 44677 44677 44677 52487 52487 56327 56327 56327 52487 56327 67435 67435 67435 69386 69386 75324 75324 75324 69386 75324 87735 91756 92428 92428 92428 91756 91756 87735 87735 92428 101514 101514 108718 113909 113909 113909 108718 108718 101514 113909 127414 127414 127414 128758 129260 129260 129260 128758 128758 129260 139753 139753 139753 142152 142152 142152 142852 142852 142852 142852 156415 156415 156415 160309 162756 162756 162756 160309 160309 162756 176574 186439 186439 189858 189858 189858 186439 176574 176574 189858 203905
100 0
12662 12662 16902 16902 16902 30946 33727 37993 37993 37993 33727 33727 30946 30946 37993 48810 48810 56687 60241 60241 60241 56687 56687 48810 60241 70376 74959 75383 75383 75383 74959 74959 70376 70376 75383 80350 87403 96360 96360 96360 87403 87403 80350 80350 96360 106560 116256 118902 118902 118902 116256 116256 106560 106560 118902 126819 131960 131960 131960 134140 134140 134140 126819 126819 134140 139746 145273 145273 145273 154856 154856 154856 139746 139746 154856 171473 172779 172779 172779 171473 177486 177486 177486 171473 177486 188176 188176 193164 193164 193705 193705 193705 193164 188176 193705 204630 207190 207190 207190 204630
100 0
8119 8119 8119 14663 14663 29899 29899 35398 35398 35398 35398 46514 46514 46514 52186 52186 52186 63258 63258 63258 65756 65756 65756 83228 91146 91146 91146 83228 91146 95723 100042 100042 100042 95723 100042 115222 119736 119736 119736 115222 119736 126765 126765 127117 127117 127117 127117 141268 141609 141609 141609 141268 141609 151816 156475 156475 156475 151816 156475 162208 162208 166167 166167 166167 166167 179232 183725 183725 183725 179232 183725 198370 203725 203725 203725 198370 203725 206089 212481 212481 212481 206089 212481 222612 223281 223281 223281 222612 223281 228351 234027 239877 248829 248829 248829 239877 239877 234027 234027 228351
100 0
18229 18229 25380 25380 34751 34751 34751 34751 37983 37983 37983 46621 46621 46621 55350 60748 60748 60748 55350 60748 66964 66964 67946 67946 67946 67946 77932 77932 85063 85063 85063 85063 100507 100507 106005 106005 106005 106005 116702 116702 123394 123394 123394 123394 133035 133035 133035 135294 135294 135294 139704 144945 144945 144945 139704 144945 148976 150789 150789 150789 148976 150789 165451 170216 170216 170216 165451 170216 175480 175480 177994 177994 177994 177994 179490 184999 184999 184999 179490 184999 197920 206283 206283 206283 197920 206283 217047 217047 225324 225573 234667 234710 234710 234710 234667 234667 225573 225573 225324 225324
100 0
10071 10071 16908 16908 25956 25956 25956 16908 10071 25956 32357 41134 41134 49532 49532 54371 62611 62611 62611 54371 64551 64551 64799 64799 64799 64551 54371 49532 41134 64799 72410 72410 80564 80564 80564 82158 88897 88897 88897 82158 93197 93197 93197 82158 96224 96224 105283 105283 105283 105283 114387 114769 114769 114769 117155 118226 125577 127526 127526 127526 125577 134368 134368 134368 125577 118226 118226 117155 117155 134368 145276 145276 152858 152858 161163 165540 165540 165540 169816 173016 173016 173195 173195 173195 173016 169816 169816 161163 161163 173195 184165 184165 185114 193402 193761 193761 193761 193402 193402 185114
100 0
17718 17718 17718 24788 24788 24788 27075 27075 39527 49048 49048 49048 49048 60955 64056 64056 64056 64056 68206 70157 70157 70157 70157 82742 92696 92696 92696 92696 106384 111660 111660 111660 111660 118928 118928 118949 118949 118949 134315 134315 134315 135246 135246 137892 137892 139036 139036 139036 148870 158813 158813 158813 158813 167075 175931 175931 175931 175931 180186 190066 190066 190066 190066 202266 208310 208310 208310 208310 217450 225537 225537 225537 225537 235746 243224 243224 243224 243224 245830 248669 248669 248669 248669 262835 262835 262835 267096 267096 274583 274583 280930 280930 280930 290039 290039 299007 299007 299007 312435 312435
100 0
3037 9750 19048 19048 19048 19048 21874 21874 21874 29599 29599 45967 52935 52935 52935 52935 60526 60526 60526 63262 63262 72457 72457 73628 73628 73628 87344 87344 87344 89240 89240 102221 102221 102221 104641 104641 123455 123455 123455 130457 130457 145407 154455 154455 154455 154455 165275 165275 165275 165450 165450 177951 186971 186971 186971 186971 199488 206863 206863 206863 206863 215120 218572 218572 218572 218572 228787 228787 232471 232471 232471 237024 237024 238569 238569 238569 241045 241045 245105 245105 245105 255332 255332 260605 260605 260605 274159 275099 275099 275099 275099 277409 277409 277641 277641 277641 286623 294032 294032 294032
100 0
6981 6981 6981 6981 11187 15456 15456 15456 15456 24828 34362 34362 34362 34362 42659 43084 43084 43084 43084 58355 61561 61561 61561 61561 71788 71788 71788 77327 77327 90869 90869 94334 94334 94334 109560 111416 111416 111416 111416 121298 126369 126369 126369 126369 133561 140077 140077 140077 140077 153478 153478 153478 158121 158121 173973 173973 182650 182650 182650 191877 199840 199840 199840 199840 211087 211087 214262 214262 214262 227559 227559 232106 232106 232106 246685 246685 246685 252216 252216 263457 263457 263457 272024 272024 275200 275200 275200 284650 284650 288308 288308 289786 289786 289786 301039 301039 303618 303618 303618 310077
100 0
1276 1276 9407 9407 17887 17887 25726 25726 25726 17887 9407 25726 33413 33413 41611 46261 46261 46261 41611 41611 33413 46261 59204 59204 59966 62174 62174 62174 59966 59966 59204 62174 73851 73851 80073 86745 86745 86745 80073 80073 73851 86745 94218 103805 103805 103805 109644 109644 109644 94218 94218 109644 125685 129512 137895 137895 137895 129512 129512 125685 125685 137895 149087 156682 159385 159385 159385 156682 156682 149087 149087 159385 167514 174200 183544 183544 183544 174200 174200 167514 167514 183544 192010 192010 192010 194726 194726 194726 203117 203117 203117 203117 207247 207247 211601 211601 211601 213674 213674 213674
100 0
9220 9870 9870 9870 9220 9870 19234 22763 22763 22763 19234 22763 31027 36600 36600 36600 31027 36600 44643 52150 52150 52150 44643 52150 66514 67285 67285 67285 66514 67285 72135 72135 72135 81196 81196 81196 91344 91344 94930 94930 94930 94930 103675 103675 103675 112039 112039 112039 125040 125040 125040 133094 133094 133094 142919 142919 142919 148818 148818 148818 162240 162240 165827 165827 165827 165827 168991 178270 178270 178270 168991 178270 181131 181131 181131 189394 189394 189394 197902 197902 205359 205359 205359 205359 209061 209061 214637 214637 214637 214637 220870 220870 220870 224013 224013 231106 231106 236582 236582 236582
100 0
10127 19402 19402 19402 10127 10127 19402 31740 32504 40064 40064 40950 42896 46467 56028 56028 56028 46467 46467 42896 42896 40950 40950 40064 32504 32504 56028 66825 66825 69444 69444 69444 71351 71351 71351 66825 72205 77583 81541 86637 86637 86637 81541 81541 77583 77583 86637 92715 92715 92715 100761 100761 100761 110751 118418 125900 125900 134168 134168 134168 135960 135960 135960 125900 118418 118418 135960 138825 138825 138825 142599 142599 148101 154320 154320 161609 161609 161609 154320 148101 148101 142599 167521 167521 171536 171536 171536 187487 189078 197569 197569 207222 207222 211869 211869 211869 207222 197569 189078 189078
100 0
9163 9163 26768 26768 34298 34298 34298 34298 45628 45628 45628 48066 48066 48066 56222 56222 56222 58759 58759 58759 67252 72402 72402 72402 67252 72402 90075 97796 97796 97796 90075 97796 109815 109815 118005 118005 118005 118005 121210 121210 121210 122496 122496 122496 134251 134251 134251 141234 141234 141234 150778 151311 151311 151311 150778 151311 159556 161959 161959 161959 159556 161959 171347 179895 179895 179895 171347 179895 187480 197468 197468 197468 187480 197468 209635 209635 209635 212749 212749 212749 221639 221639 221639 222152 222152 222152 229911 234599 240129 240129 246190 246190 246190 255538 255538 255538 240129 234599 234599 229911
100 0
7343 7343 17352 17352 17352 26845 26845 26845 32815 32815 32815 33518 33518 33518 36828 36828 36828 38627 38627 38627 53447 53757 53757 53757 53447 53757 66033 75116 75116 75116 66033 75116 84075 90442 90442 90442 84075 90442 96870 96870 104358 104358 104358 104358 115994 115994 115994 119500 119500 119500 126455 126455 133609 133609 133609 133609 144265 145065 145065 145065 144265 145065 162848 162848 162848 168565 168565 168565 180056 187519 187519 187519 180056 187519 197714 197714 197714 207696 207696 207696 218459 218459 219020 219020 219020 219020 229871 237422 240235 243990 243990 243990 240235 251996 251996 251996 240235 237422 237422 229871
100 0
5679 5679 15165 16065 16065 16065 16065 22689 22689 22689 26211 26211 33865 38144 38144 38144 38144 45265 49987 49987 49987 49987 68572 68572 68572 77182 77182 92425 95919 95919 95919 95919 102319 102319 111503 111503 111503 122716 123294 123294 123294 123294 132138 132138 134464 134464 134464 145183 154401 154401 154401 154401 164970 165955 165955 165955 165955 176254 179112 179112 179112 179112 192552 201789 201789 201789 201789 211049 211049 211049 216489 216489 224182 228282 228282 228282 228282 246500 248204 248204 248204 248204 255716 255716 258617 258617 258617 271502 271502 271502 276806 276806 286633 286633 295456 295456 295456 313676 313676 313676
100 0
11451 11451 11451 26034 35356 35356 35356 35356 42414 42414 42414 43603 43603 47017 47017 47106 47106 47106 57317 58836 58836 58836 58836 65704 70922 70922 70922 70922 75083 83009 83009 83009 83009 86826 86826 86826 93595 93595 108103 108103 108103 114857 114857 120324 128759 128759 128759 128759 137351 138407 138407 138407 138407 148956 148956 154182 154182 154182 162220 164684 164684 164684 164684 174144 174144 174144 177477 177477 184584 189893 189893 189893 189893 207465 207719 207719 207719 207719 219418 220955 220955 220955 220955 233170 240036 240036 240036 240036 248285 248285 248285 255718 255718 264394 268349 268349 268349 268349 273797 273797
100 0
7640 7640 11695 11695 11695 7640 11695 17952 17952 17952 22870 22870 22870 25917 26900 26900 26900 25917 28993 31155 31155 31155 28993 28993 32819 32819 32819 43159 45376 45376 53141 54760 54760 54760 56136 56136 60558 68917 68917 68917 60558 60558 56136 53141 53141 45376 68917 75184 77569 82008 82008 86105 86105 91219 91219 100572 101946 101946 101946 100572 100572 91219 86105 82008 77569 77569 101946 115706 119125 128368 137344 137344 143696 143696 148405 148405 148405 143696 137344 154474 154474 154474 128368 128368 119125 119125 154474 160414 160414 160414 164666 173412 174392 179173 179173 179173 174392 174392 173412 173412
100 0
18976 18976 18976 18976 31712 36136 44804 44804 44804 36136 36136 31712 31712 44804 58010 59174 59174 69009 69009 69009 59174 58010 58010 69009 77732 77732 77732 78849 87754 87754 87754 78849 78849 87754 97318 102549 102549 108656 108656 108656 102549 97318 97318 108656 120084 129068 138802 138802 138802 129068 129068 120084 120084 138802 147513 157057 157057 163194 163194 163194 157057 147513 147513 163194 173000 180963 187562 187562 187562 180963 180963 173000 173000 187562 197261 197261 200994 200994 200994 197261 206030 206030 206030 206030 219829 223320 226362 226362 226362 223320 223320 219829 219829 226362 233977 233977 236951 236951 236951 233977
100 0
10283 19988 19988 19988 10283 10283 29478 29478 29478 38854 43742 51649 51649 51649 43742 43742 38854 38854 51649 61939 62173 63559 63559 63559 62173 62173 61939 61939 63559 71111 73953 73953 78348 78348 78348 73953 71111 71111 78348 80901 80901 80901 82595 88914 88914 88914 82595 82595 88914 95507 97204 97204 97204 103150 103150 103150 95507 95507 103150 110666 113846 120148 120148 120148 113846 113846 110666 110666 120148 133004 134871 134871 134871 136343 136343 136343 133004 133004 136343 143098 143098 143098 149588 149588 149588 154050 154050 154050 154050 165228 165228 174964 174964 179870 179870 179870 174964 165228 179870 186523
100 0
10089 10089 23358 26440 26440 36048 36048 36048 26440 23358 23358 36048 42148 46678 46678 46678 42148 42148 54470 54470 54470 54470 58629 61669 63371 63371 63371 61669 61669 58629 58629 63371 80506 80506 87136 87136 91647 91647 91647 87136 80506 91647 107502 109990 111854 111854 111854 109990 109990 107502 107502 111854 126505 130842 130842 133683 133683 133683 130842 126505 126505 133683 149235 153188 159273 159273 159273 153188 153188 149235 149235 159273 163347 163347 169984 169984 171364 171364 171364 169984 163347 171364 190597 190597 197939 197939 207768 207768 207768 197939 190597 207768 219036 226639 226639 226639 236272 236272 236272 219036
100 0
12969 12969 27729 27868 27868 27868 27729 27868 35759 42300 42300 42300 35759 42300 52561 52561 60915 60915 60915 60915 74426 78257 78257 78257 74426 78257 95057 95057 97453 97453 97453 97453 114035 114035 114035 124014 124014 124014 132646 132646 139743 139743 139743 139743 149351 151629 151629 151629 149351 151629 159472 168931 168931 168931 159472 168931 170611 170611 170611 175030 175030 175030 180698 186274 186274 186274 180698 186274 193001 193001 193001 194904 194904 194904 201593 205907 205907 205907 201593 205907 223108 223108 223108 224351 224351 224351 239779 239779 239779 241086 244220 244220 244220 253551 253551 260871 260871 260871 253551 241086
100 0
14891 14891 14891 18433 18433 21782 21782 31083 31083 31083 21782 18433 31083 37081 41633 44372 44372 44372 41633 41633 37081 37081 44372 50600 53775 60533 60533 60533 53775 53775 50600 50600 60533 72170 75532 75532 80238 80238 80238 75532 72170 72170 80238 98681 98681 105573 105573 113792 113792 113792 105573 98681 113792 125619 126008 126008 134856 134856 134856 126008 125619 125619 134856 148961 150953 156178 156178 156178 150953 150953 148961 148961 156178 161957 164768 164768 164768 171353 171353 171353 161957 161957 171353 183699 188316 188316 196175 196175 196175 188316 183699 183699 196175 203855 203855 203855 207469 213746 213746 213746
100 0
14968 17031 17031 17031 14968 18914 18914 18914 27182 34750 34750 34750 37939 37939 37939 27182 27182 37939 49918 56318 65778 65778 65778 56318 56318 49918 49918 65778 73734 73734 73734 80224 88437 88437 88437 80224 80224 88437 102160 106363 106363 115764 115764 115764 106363 102160 102160 115764 126018 135291 144005 144005 144005 135291 135291 126018 126018 144005 155535 161327 163440 163440 163440 161327 161327 155535 155535 163440 174781 177786 177786 181155 181155 181155 177786 174781 174781 181155 192097 192097 192097 193082 193082 196650 196650 196650 193082 196650 208321 212632 212632 212632 208321 220551 220551 220551 208321 220551 236235 236235
100 0
4667 19152 25075 25075 25075 25075 31778 31778 31778 39279 39279 48870 48870 55947 55947 55947 68092 68092 68092 73811 73811 77852 85805 85805 85805 85805 95430 95430 96779 96779 96779 113078 113078 119817 119817 119817 130907 133128 133128 133128 133128 148091 155880 155880 155880 155880 163064 163064 163064 172256 172256 176198 185403 185403 185403 185403 199159 199159 199159 207129 207129 211829 213862 213862 213862 213862 220686 220686 220686 224370 224370 235782 242833 242833 242833 242833 253103 253103 258534 258534 258534 275225 277959 277959 277959 277959 287014 295556 295556 295556 295556 303726 303726 306228 306228 306228 315116 316516 316516 316516
100 0
5717 5717 5717 6430 6430 6430 10919 10919 11344 11344 11344 11344 15648 15648 15648 22665 22665 22665 35802 35802 35802 36909 36909 36909 51793 51793 61099 61099 61099 61099 67367 67367 67367 73530 73530 73530 82096 91342 91342 91342 82096 91342 98492 100791 100791 100791 98492 100791 115444 115444 115444 122068 122068 122068 130786 133364 133364 133364 130786 133364 135924 135924 135924 141417 141417 141417 147197 155401 155401 155401 147197 155401 168865 175401 175401 175401 168865 175401 180038 183199 183199 183199 180038 183199 194219 194219 196090 196090 196090 196090 199333 199333 199333 207905 211814 219169 219169 219169 211814 211814
100 0
15021 16354 16354 16354 15021 16354 28398 28398 36487 36487 36487 36487 44472 49186 49186 49186 44472 49186 66480 66480 73153 73153 73153 73153 81677 81677 86976 86976 86976 86976 94586 94586 94586 102221 102221 102221 113824 113824 113824 117838 117838 117838 133753 143576 143576 143576 133753 143576 155077 155077 155077 157194 157194 157194 166793 166793 172172 172172 172172 172172 181656 181656 181656 190423 190423 190423 196931 196931 197570 197570 197570 197570 200917 210451 210451 210451 200917 210451 224627 224627 229804 229804 229804 229804 238423 238423 238423 240120 240120 240120 249218 252844 254544 256855 256855 256855 254544 254544 252844 252844
100 0
6766 6766 19279 19279 19499 25375 32556 32556 38984 46743 48575 48575 48575 46743 46743 38984 38984 32556 25375 25375 19499 48575 57099 57099 66312 72155 72155 81416 81416 81416 72155 90718 91370 91370 91370 90718 90718 66312 66312 98778 98778 98778 104536 113955 113955 113955 104536 122347 127083 132235 132235 132235 127083 127083 122347 122347 139232 144630 144630 144630 139232 144630 148868 148868 157325 157325 157325 160573 160573 163238 163238 169527 169527 178774 178774 178774 188169 188169 188169 169527 163238 188169 200254 204875 204875 212843 221394 228769 237502 237502 237502 228769 228769 221394 221394 212843 212843 204875 200254 200254
100 0
10474 14322 15551 15551 15551 14322 14322 10474 15551 25598 26999 26999 26999 27008 27008 27008 25598 25598 27008 34167 37114 38232 38232 38232 37114 37114 34167 34167 38232 43599 50432 50965 50965 50965 50432 50432 43599 43599 50965 62789 62789 72680 72680 72680 62789 74163 74163 74163 74163 89337 89834 89834 89834 92653 92653 92653 89337 89337 92653 103485 103485 103485 104037 104037 112057 112057 112057 104037 112057 124088 129703 129703 133634 133634 133634 129703 124088 124088 133634 141554 141554 141554 146100 146100 146100 148479 148479 148479 148479 160924 160924 160924 170872 170872 170872 179989 179989 179989 179989 193431
100 0
4955 4955 4955 4955 16091 16091 24248 24248 24248 34977 37514 37514 37514 37514 47787 47787 57575 57575 57575 65018 65018 65520 65520 65520 74496 74496 74496 81088 81088 94811 94811 101432 101432 101432 110507 113122 113122 113122 113122 122760 122760 122760 131648 131648 142162 142173 142173 142173 142173 154998 160857 160857 160857 160857 163028 163028 172799 172799 172799 183260 183898 183898 183898 183898 190029 190029 197637 197637 197637 212505 222364 222364 222364 222364 230462 238914 238914 238914 238914 248752 250757 250757 250757 250757 262392 272029 272029 272029 272029 284985 286066 286066 286066 286066 299797 309122 309122 309122 309122 321701
100 0
2536 16070 23587 23587 23587 23587 32899 34473 34473 34473 34473 37093 42309 42309 42309 42309 44618 44618 52685 52685 52685 64069 67549 67549 67549 67549 77891 81621 81621 81621 81621 93345 93345 95934 95934 95934 107204 107204 112911 112911 112911 126592 128698 128698 128698 128698 135533 137244 137244 137244 137244 146335 148272 148272 148272 148272 157161 157161 166930 166930 166930 168247 168247 177168 177168 177168 187327 187431 187431 187431 187431 193638 193638 193638 199833 199833 216406 216406 216406 221182 221182 232920 235076 235076 235076 235076 246913 254530 254530 254530 254530 268140 273716 273716 273716 273716 284065 289365 289365 289365
100 0
3336 19479 21203 22229 22229 22229 21203 21203 19479 19479 22229 30265 30265 30265 34150 38619 38619 38619 34150 34150 38619 39963 42982 45719 45719 45719 42982 42982 39963 39963 45719 50893 50893 50893 52421 52421 59898 59898 59898 52421 59898 72278 75933 83900 83900 83900 75933 75933 72278 72278 83900 92113 92113 94548 96633 96633 96633 94548 94548 92113 96633 103830 108252 108252 108252 118211 118211 118211 103830 103830 118211 124466 130895 130895 130895 135329 135329 135329 124466 124466 135329 141947 141947 141947 142913 143080 143080 143080 142913 142913 143080 152688 152688 152688 158179 162862 162862 162862 158179 158179
100 0
9080 9080 18039 18039 18039 22220 22220 22220 27120 27120 33984 42054 42054 42054 42054 54901 54901 57963 57963 57963 62173 71844 71844 71844 71844 87729 90816 90816 90816 90816 102623 103579 103579 103579 103579 121985 121985 125810 125810 125810 141444 144750 144750 144750 144750 158171 160051 160051 160051 160051 161038 161038 166874 166874 166874 179221 179221 179221 179965 179965 181539 191527 191527 191527 191527 202958 211290 211290 211290 211290 220885 220885 220885 230360 230360 238774 238774 243355 243355 243355 257194 257194 265973 265973 265973 271797 271797 281320 281320 281320 286619 292212 292212 292212 292212 298709 303713 303713 303713 303713
100 0
3586 12795 12795 13873 13873 13873 13873 29242 29242 37690 37690 37690 37690 47859 53864 53864 53864 47859 53864 67880 77686 77686 77686 67880 77686 83810 91536 91536 91536 83810 91536 97309 97309 100520 100520 100520 100520 102200 103268 103268 103268 102200 103268 106644 106644 106644 110968 110968 110968 118532 118532 118532 123822 123822 123822 132390 132390 132390 136208 136208 136208 144318 144318 144318 144364 144364 144364 154941 158742 158742 158742 154941 158742 174067 179036 179036 179036 174067 179036 191602 200113 200113 200113 191602 200113 215911 215911 225001 225001 225001 215911 231853 232610 232610 237183 237183 237183 232610 231853 231853
100 0
9096 9096 16106 25404 26764 26764 26764 35396 35396 35396 25404 25404 16106 35396 46655 46655 46655 47765 47765 53015 62418 62418 62418 70542 74287 80738 80738 80738 74287 74287 70542 70542 53015 80738 88605 90499 92603 92603 92603 97766 99120 105513 108086 108086 108086 105513 105513 99120 99120 97766 97766 90499 90499 108086 126229 126229 126229 126587 132432 133868 133868 140213 140213 140213 133868 144906 144906 152878 152878 152878 144906 132432 132432 152878 157235 157235 166203 170623 170623 170623 178658 185833 189912 189912 196186 196186 196186 189912 185833 185833 178658 178658 166203 196186 204488 212948 212948 212948 204488 204488
100 0
3330 7569 7569 7569 3330 7569 23186 28179 28179 35268 35268 35268 28179 23186 23186 35268 44464 44464 44464 51547 51547 51547 53722 53722 53722 53722 66536 66536 66705 70566 70566 70566 66705 66705 66536 70566 79501 85105 85263 85263 85263 85105 85105 79501 79501 85263 95337 95337 98221 102367 102367 102367 98221 98221 95337 102367 115179 123521 123521 123521 115179 123593 123593 123593 115179 123593 133760 133760 134551 134551 134551 133760 135006 135006 135006 135006 144190 148479 153054 153054 153054 148479 148479 144190 144190 153054 159346 163932 163932 172662 172662 172662 163932 159346 159346 172662 186667 186667 192149 192149
100 0
10430 12847 18447 18447 18447 12847 12847 18447 29791 29791 38658 38658 38658 29791 38988 38988 38988 47442 52121 52121 52121 61442 61442 61442 66152 66152 66152 66152 82354 82908 82908 82908 86365 86365 91308 95226 95226 103624 103624 105941 105941 105941 103624 95226 91308 91308 86365 105941 111553 111553 116095 116095 119956 119956 124583 124583 124583 119956 127560 127560 129856 129856 134031 134031 134031 129856 127560 134031 146114 154073 154073 154073 161818 166432 171907 180893 189775 189775 189775 180893 180893 171907 171907 166432 166432 161818 161818 189775 198581 206051 208109 210861 210861 210861 208109 208109 206051 206051 198581 198581
100 0
11282 11282 11282 21435 28213 28213 28213 28213 37162 44148 44148 44148 44148 46644 48514 48514 48514 48514 59356 59356 67002 67002 67002 82756 84744 84744 84744 84744 102458 102458 102458 112291 112291 121605 121605 121605 124921 124921 128598 128598 128598 129505 129505 139888 142457 142457 142457 142457 157181 165355 165355 165355 165355 170091 171475 171475 171475 171475 187113 195122 195122 195122 195122 203357 209224 209224 209224 209224 219980 227118 227118 227118 227118 240351 244631 244631 244631 244631 260265 260265 263414 263414 263414 270978 270978 270978 277198 277198 289109 289109 289109 298072 298072 303197 304439 304439 304439 304439 314431 314431
100 0
11645 19012 19012 19012 11645 11645 19012 27540 27540 37057 37057 41459 41459 41459 37057 27540 41459 50729 54259 54259 54259 60417 60417 60417 50729 50729 60417 74512 75562 75562 85102 85102 85102 75562 74512 74512 85102 92124 97821 97821 97821 92124 106585 106585 106585 92124 106585 109259 109259 118753 120022 120022 120022 118753 118753 109259 120022 132396 136330 142487 142487 142487 136330 136330 132396 132396 142487 155268 155268 155268 162462 162462 162462 171541 171541 171541 171541 187593 196239 196239 202417 202417 202417 196239 187593 187593 202417 212635 218329 218329 220890 220890 220890 218329 212635 212635 220890 230661 230661 230661
100 0
8760 8760 24821 24821 24821 34460 38587 38587 43544 43544 43544 38587 34460 45133 45133 49034 49034 53791 53791 53791 49034 53791 60547 60547 63420 64934 71540 71540 76238 76238 76238 71540 79999 88551 88551 88551 79999 79999 64934 64934 63420 88551 100802 100802 100802 101047 101047 101047 101061 103059 110833 110833 120103 127596 127596 127596 120103 120103 110833 103059 103059 127596 135156 135156 138197 147615 154824 154824 154824 147615 163129 163129 166260 166260 166260 174288 174288 174288 163129 147615 138197 174288 191696 191696 191696 194735 194735 203394 207606 217200 217200 217200 207606 221758 221758 221758 207606 203394 203394 194735
100 0
7066 7066 7066 8591 8591 16608 16608 16608 16608 27152 28261 28261 28261 27152 28261 37571 45446 45446 45446 37571 45446 58537 58852 58852 58852 58537 58852 65262 70689 70689 70689 65262 70689 79430 79430 88228 88228 88228 88228 103524 112157 112157 112157 103524 112157 113323 113323 113323 118965 118965 118965 126006 126006 129643 129643 129643 129643 139630 149542 149542 149542 139630 149542 164647 173963 173963 173963 164647 173963 184626 187048 187048 187048 184626 187048 200305 200305 206014 206014 206014 206014 218212 218212 222663 222663 222663 222663 236256 242610 242610 245829 246008 251508 251508 251508 246008 246008 245829 245829 242610
100 0
15914 15914 15914 15914 22372 22372 22372 27438 27438 27438 38561 38561 38561 43240 43240 43240 49590 58396 58396 58396 49590 58396 76042 76042 76042 81928 81928 81928 94734 94734 104149 104149 104149 104149 120196 124763 124763 124763 120196 124763 131180 138628 138628 138628 131180 138628 145668 145668 145668 153980 153980 153980 159362 159362 165239 165239 165239 165239 178448 182329 182329 182329 178448 182329 197761 197761 198432 198432 198432 198432 205901 205901 205901 214190 214190 214190 229692 229692 232364 232364 232364 232364 244514 244514 248116 248116 248116 248116 261139 261139 261139 268952 275559 275559 283197 283197 283197 275559 268952 268952
100 0
12185 12185 12185 21732 28407 32120 32120 32120 28407 28407 21732 21732 32120 41632 50090 59004 65288 68965 68965 68965 76614 81704 81704 81704 76614 76614 65288 65288 59004 59004 50090 50090 81704 98623 105076 105076 105076 98623 109387 109387 109387 98623 119258 124319 124453 124453 126686 126686 126686 124453 124319 124319 126686 129470 129470 135105 135105 135768 135768 135768 139220 139220 139220 135105 129470 145441 145441 145971 145971 154201 154201 154201 154201 165156 172166 177365 181791 190980 190980 190980 200057 200057 200057 209431 209431 209431 181791 181791 177365 177365 172166 172166 209431 216031 216031 216031 224948 228473 228473 228473
100 0
11802 11802 18855 22268 22268 22268 18855 18855 11802 22268 32414 32414 33301 33301 33301 37313 37313 37313 32414 37313 51815 51815 51815 58852 58852 64622 64622 64622 58852 64622 72918 73748 73748 75686 75686 75686 73748 72918 72918 75686 86114 86114 92813 94518 94518 94518 92813 92813 86114 94518 105487 114559 117677 117677 117677 114559 114559 105487 105487 117677 130611 130611 132796 132796 142017 142017 142017 132796 130611 142017 146866 147896 154380 154380 154380 147896 147896 146866 146866 154380 171941 172087 176194 176194 176194 172087 172087 171941 171941 176194 188547 190252 190252 190252 198997 198997 198997 188547 188547 198997
100 0
17047 17047 18982 21104 21104 21104 18982 21104 30310 39167 48612 48612 48612 39167 39167 30310 30310 48612 54614 54614 58915 58915 62739 62739 62739 58915 54614 62739 75657 75657 85010 90790 90790 90790 85010 85010 75657 90790 106625 106625 109899 109899 109899 110554 110554 110554 106625 110554 115614 115614 116239 116239 116690 116690 116690 116239 115614 116690 133844 133844 133844 135533 138155 138155 138155 135533 135533 138155 152416 152416 161686 161941 161941 161941 161686 161686 152416 161941 170393 171602 173215 173215 173215 171602 171602 170393 170393 173215 187492 187492 194809 197504 197504 197504 194809 194809 187492 197504 205681 205681
100 0
16447 23609 30021 30021 30021 23609 23609 16447 30021 45809 48252 48252 48252 45809 45809 49493 52361 58450 58450 58450 62097 62097 67686 67686 67686 62097 52361 52361 67686 73136 73136 73136 82347 82347 82347 83015 83015 83015 90093 90093 90093 93343 100441 100441 105749 105749 105749 100441 105749 117922 127864 127864 135591 138326 146748 146748 146748 138326 138326 135591 153434 153434 153434 135591 127864 117922 117922 161480 161480 166191 166191 167618 170370 171696 178871 185641 185641 185641 187870 187870 187870 178871 178871 171696 171696 170370 170370 167618 187870 192605 196191 204090 204090 204090 204528 204528 204528 196191 196191 192605
100 0
9799 10024 11028 11028 11028 10024 10024 11028 22087 31456 31456 31456 40395 40395 40395 22087 22087 40395 53847 53847 62072 62250 62250 62250 62072 62072 53847 62250 71551 71551 71551 71847 71847 79624 79624 79624 71847 79624 88645 92526 92526 92526 88645 97233 97233 97233 88645 97233 108825 108825 109497 109497 109497 116542 116542 116542 108825 116542 125617 131083 135175 135175 135175 131083 131083 125617 125617 135175 141400 150339 156775 156775 156775 150339 150339 141400 141400 156775 167020 167020 174430 174430 174430 178845 178845 178845 167020 178845 185389 186663 186663 186969 186969 186969 186663 185389 185389 186969 194475 194475
100 0
5949 7765 7765 7765 5949 5949 7765 19774 19774 19774 20338 20338 20338 26259 26259 26259 26259 30848 30848 34756 42689 42689 42689 34756 34756 30848 42689 50660 56735 56735 63024 63024 63024 56735 50660 50660 63024 70458 75879 81200 81200 81200 75879 75879 70458 70458 81200 93983 103195 110678 110678 110678 103195 103195 93983 93983 110678 125021 125021 126135 126135 126135 135360 135360 135360 125021 135360 145522 147182 147182 147182 147931 147931 147931 145522 145522 147931 156956 156956 156956 158139 166467 166467 166467 158139 158139 166467 169466 175806 175806 175806 169466 169466 179953 179953 179953 179953 196076 196076 196076
100 0
12303 12303 29311 30269 39931 39931 39931 30269 30269 29311 29311 39931 43812 43812 43812 52948 56205 56205 56205 52948 52948 56205 71961 71961 76753 76753 79808 79808 79808 76753 71961 79808 87266 87266 90534 93025 93025 93025 90534 90534 87266 93025 100831 100831 109717 109717 118278 118278 118278 109717 100831 118278 125364 125364 125364 128082 128082 134055 134055 134055 128082 134055 144305 149621 149621 150362 150362 150362 149621 144305 144305 150362 157280 166361 166361 172307 172307 172307 166361 157280 157280 172307 174176 176596 181775 181775 181775 176596 176596 174176 174176 181775 190579 198491 198491 203215 203215 203215 198491 190579
100 0
8937 8937 23905 23905 33427 35723 35723 35723 33427 33427 23905 35723 47002 52769 52769 52769 47002 47002 62050 62050 62050 62050 70107 70107 70107 77617 77617 85246 85246 85246 77617 85246 98133 98617 98617 98617 98133 99256 99256 99256 98133 99256 106604 115616 115616 123253 123253 123253 115616 106604 106604 123253 133648 136703 136703 136703 133648 146363 146363 146363 133648 146363 155434 155434 163298 168614 168614 168614 163298 163298 155434 168614 184842 184842 184842 194576 194576 201299 201299 201299 194576 201299 205221 205221 211716 214762 214762 214762 211716 211716 205221 214762 229447 229447 234954 234954 234954 229447 244144 244144
100 0
13529 17119 17119 17119 13529 17119 24176 28291 28291 28291 24176 28291 28850 37617 37617 37617 28850 37617 50101 58148 58148 58148 50101 58148 64736 64736 72573 72573 72573 72573 87257 87257 87257 96718 96718 96718 103718 109266 109266 109266 103718 109266 119715 119715 123911 123911 123911 123911 131650 131650 133247 133247 133247 133247 145417 145417 149118 149118 149118 149118 159252 165754 165754 165754 159252 165754 176556 184037 184037 184037 176556 184037 189530 189694 189694 189694 189530 189694 207512 212680 212680 212680 207512 212680 220542 227250 227250 227250 220542 227250 241395 245843 245843 245843 251016 255995 255995 255995 251016 251016
100 0
3447 3447 3447 5191 5191 5191 5191 15931 15931 19314 19314 19314 15931 25248 26948 26948 26948 27835 27835 32527 36109 36109 36109 32527 32527 27835 36109 41955 41955 45819 53820 53820 58401 58401 61218 61218 61218 58401 66922 66922 71094 71094 71094 66922 53820 45819 71094 82227 82227 82227 84090 90869 91885 91885 96202 96202 104381 104381 104381 112738 112738 112738 96202 91885 90869 90869 112738 123520 123520 124298 131625 138904 138904 140353 145282 145282 148424 148424 148424 145282 140353 140353 138904 131625 131625 124298 148424 164415 173222 173222 176344 180866 183797 183797 183797 180866 180866 176344 176344 173222
100 0
7712 7712 22355 22355 24521 24521 24521 31015 32594 32594 32594 32594 49673 49673 49673 55308 55308 66249 66249 66249 71214 71214 83867 83867 90883 90883 90883 102669 102669 102669 111400 111400 118996 122105 122105 122105 122105 127052 127052 133549 133549 133549 138260 138260 138260 139645 139645 146979 146979 148932 148932 148932 159730 162560 162560 162560 162560 166674 166674 174768 174768 174768 189912 192572 192572 192572 192572 198335 207610 207610 207610 207610 219138 219138 219138 221073 221073 229844 234661 234661 234661 234661 242673 242673 252660 252660 252660 260615 260615 260615 262882 262882 277472 277472 277472 285461 285461 301241 301241 301241
100 0
11239 11239 11239 11239 24043 24043 27515 27515 31351 31351 31351 27515 24043 31351 35370 38013 44568 44568 44568 38013 38013 35370 35370 44568 49146 53975 61934 61934 61934 53975 53975 49146 49146 61934 63579 63579 70488 73453 73453 73453 70488 70488 63579 73453 82286 82286 82286 90010 90010 90010 94524 94524 94524 94524 111878 119857 119857 119857 111878 128708 128708 128708 111878 128708 143504 143504 143504 144027 146934 146934 146934 144027 144027 146934 161549 161549 171442 175228 175228 175228 171442 171442 161549 175228 185007 185007 185007 187737 187737 187737 194979 194979 194979 194979 198117 207283 207283 207283 198117 198117
100 0
8850 8850 8850 22759 22944 22944 22944 22759 22944 36108 36108 36108 42970 42970 42970 53897 53897 53897 56168 56168 56168 66012 71897 71897 71897 66012 71897 76125 76125 76125 82609 82609 82609 95751 95976 95976 95976 95751 95976 109385 109385 116330 116330 116330 116330 125970 125970 125970 127925 127925 127925 144143 147100 147100 147100 144143 147100 155539 158344 158344 158344 155539 158344 171412 171412 177701 177701 177701 177701 180760 180760 183234 183234 183234 183234 200246 200246 209463 209463 209463 209463 224857 224857 224857 234420 234420 234420 249427 249427 249427 251102 256307 263593 263593 263593 256307 256307 251102 251102 266099
100 0
8853 8853 8853 8853 16402 21280 21280 21280 21280 36731 36731 36731 37627 37627 45728 45728 45728 49418 49418 60373 61971 61971 61971 61971 72477 72477 74552 74552 74552 85312 85312 90682 90682 90682 101880 111828 111828 111828 111828 125681 126541 126541 126541 126541 134319 134319 143410 143410 143410 155793 163239 163239 163239 163239 177721 179147 179147 179147 179147 187760 187760 191864 191864 191864 198775 204182 204182 204182 204182 218365 218365 218365 223295 223295 230978 236509 236509 236509 236509 249751 255942 255942 255942 255942 268818 271898 271898 271898 271898 278685 278685 278685 287457 287457 289396 293037 293037 293037 293037 307088
100 0
10486 10486 18010 19326 19326 19326 19326 29615 32999 32999 32999 32999 40461 47470 47470 47470 47470 60515 60515 60515 62566 62566 64991 64991 66125 66125 66125 77002 79679 79679 79679 79679 88007 88659 88659 88659 88659 101594 101594 101594 102755 102755 109704 119704 119704 119704 119704 132103 132103 132103 133505 133505 149434 149434 153942 153942 153942 162957 162957 162957 165077 165077 177156 182338 182338 182338 182338 185435 185435 193156 193156 193156 206659 210513 210513 210513 210513 226948 232704 232704 232704 232704 242037 242037 244633 244633 244633 257172 265895 265895 265895 265895 274213 280837 280837 280837 280837 283416 283416 283416
100 0
11247 21170 21170 21170 11247 11247 21170 31756 31756 33685 33685 33685 42730 42730 42730 31756 42730 54692 54692 64379 73669 73669 73669 64379 64379 54692 73669 79737 79737 84818 91742 91742 91742 84818 84818 79737 91742 103155 103155 107925 107925 107925 117308 117308 117308 103155 117308 131594 139793 143364 143364 143364 139793 139793 131594 131594 143364 157882 162446 162446 162446 164555 164555 164555 157882 157882 164555 177803 187044 193262 193262 193262 187044 187044 177803 177803 193262 199613 209025 209025 209025 199613 199613 211176 211176 211176 211176 213952 213952 217246 218632 218632 218632 217246 217246 213952 218632 228490 228490 228490
100 0
4911 8250 8250 8250 4911 8250 15264 15264 15264 16184 23596 23596 23596 16184 16184 23596 34718 38545 38545 42384 42384 42384 38545 34718 34718 42384 55610 59009 65136 65136 65136 59009 59009 55610 55610 65136 76793 79872 79872 88712 88712 88712 79872 76793 76793 88712 105981 114874 119102 119102 119102 114874 114874 105981 105981 119102 131641 131641 131641 141573 151438 151438 151438 141573 141573 151438 169989 169989 173302 175060 175060 175060 173302 173302 169989 175060 184844 184844 184844 186691 190724 190724 190724 186691 186691 190724 193876 193876 193876 201305 201305 207625 207625 207625 201305 207625 223306 226642 226642 226642
100 0
12605 19951 21166 21166 21166 19951 19951 12605 21166 32150 36214 36214 36214 32150 32150 44841 44841 44841 44841 56683 57885 63805 63805 63805 57885 57885 56683 56683 63805 64661 73970 73970 73970 64661 81478 81478 81478 64661 81478 90546 90546 90546 94968 96665 96665 96665 94968 94968 96665 107656 107656 115369 121799 121799 121799 115369 115369 107656 121799 128480 134567 135479 135479 135479 134567 134567 128480 128480 135479 141144 141144 141144 143606 151682 151682 151682 143606 143606 151682 161684 161684 163226 163226 168898 168898 168898 163226 161684 168898 178377 182574 188964 188964 188964 182574 182574 178377 178377 188964 198165
100 0
8295 15579 15579 15579 23312 23312 23312 8295 8295 27051 36304 36304 36304 27051 27051 36304 48379 49523 49523 50790 54555 54555 55783 57127 57127 63967 63967 63967 57127 55783 55783 54555 50790 50790 49523 63967 72296 72296 72296 79157 80160 81245 89229 89229 89229 96694 105268 105268 105268 96694 96694 81245 81245 80160 80160 105268 115684 121908 121908 122028 123505 123505 123505 128792 128792 136535 136535 141137 141137 141137 136535 128792 122028 122028 121908 141137 147812 147812 147812 152825 152825 158461 165509 169082 172929 181157 181157 181157 172929 172929 169082 169082 165509 165509 158461 181157 194152 194152 195935 195935
100 0
14154 20448 20448 20448 20448 25015 25015 25015 26054 26054 35945 35945 35945 43522 43522 51873 51873 51873 60716 60716 73999 80165 80165 80165 80165 88147 93302 93302 93302 93302 103129 104284 104284 104284 104284 117030 126764 126764 126764 126764 139297 139297 139297 146685 146685 153222 153222 153222 155828 155828 167240 171956 171956 171956 171956 178639 178639 184294 184294 184294 187273 187273 187273 192326 192326 200327 200327 207473 207473 207473 212023 212023 212023 217316 217316 222986 227784 227784 227784 227784 243542 249549 249549 249549 249549 259094 260149 260149 260149 260149 274584 274584 281837 281837 281837 296368 296619 296619 296619 296619
100 0
12626 12626 12626 12626 29480 34284 34284 34284 34284 50302 50302 50302 53835 53835 68932 78741 78741 78741 78741 94749 94749 103230 103230 103230 107863 107863 108073 108073 108073 120728 120728 124906 124906 124906 140811 140811 147300 147300 147300 157606 160154 160154 160154 160154 161973 170306 170306 170306 170306 175769 175769 178997 178997 178997 188626 188626 194003 194003 194003 202635 202635 202635 205837 205837 220418 220418 220418 226636 226636 233737 240489 240489 240489 240489 249390 249390 254980 254980 254980 265573 270534 270534 270534 270534 275351 275351 282028 282028 282028 293974 303164 303164 303164 303164 311241 311241 311241 319124 319124 327149
100 0
13522 13522 13522 24618 24618 24618 29946 29946 29946 36971 36971 36971 39866 39866 39866 49901 49901 49901 58626 58626 58626 64940 69095 69095 69095 64940 69095 73086 82130 82130 82130 73086 82130 90208 95502 95502 95502 90208 95502 103851 103851 103851 105289 105289 105289 119711 123825 123825 123825 119711 123825 137057 137057 142125 142125 142125 142125 152908 152908 155687 155687 155687 155687 171231 171231 171231 178587 178587 178587 188151 192711 192711 192711 188151 192711 198860 198860 198860 201475 201475 201475 212019 216595 216595 216595 212019 216595 220663 220663 223814 223814 232032 232219 232219 235183 235183 235183 232219 232032 232032
100 0
10648 10648 10648 20168 28667 34250 34250 34250 28667 28667 20168 20168 42894 49540 50277 50277 50277 55816 55816 55816 49540 49540 55816 68333 68333 68333 75665 79468 88053 88053 93847 101791 101791 101791 93847 93847 88053 79468 105089 105089 105089 79468 105089 114346 114346 114346 122499 122499 126994 135545 135545 135545 136949 141371 146275 146275 146275 141371 141371 136949 136949 126994 146275 158693 158980 158980 161647 169332 169332 170930 170930 170930 171905 175423 175423 175423 171905 171905 169332 161647 161647 158980 175423 186270 187615 189698 193146 199080 199080 199916 199916 199916 199080 193146 193146 189698 189698 187615 187615 186270
100 0
6291 6291 6291 6291 15901 15901 15961 15961 15961 23692 25005 25005 25005 25005 29800 36115 36115 36115 36115 42833 42833 42833 50546 50546 59328 61526 61526 61526 61526 75333 81936 81936 81936 81936 96661 104792 104792 104792 104792 110836 110836 117281 117281 117281 127039 133706 133706 133706 133706 147295 147295 148626 148626 148626 161165 166404 166404 166404 166404 169003 178283 178283 178283 178283 194961 198984 198984 198984 198984 204775 208486 208486 208486 208486 224476 224476 224476 228852 228852 233839 233839 240549 240549 240549 241120 241120 242816 242816 242816 251735 258691 258691 258691 258691 266370 267639 267639 267639 267639 273002
100 0
5412 9698 9698 9698 9698 21268 21268 28429 28429 28429 28429 41137 48873 48873 48873 41137 48873 66903 66903 72835 72835 72835 72835 86724 89982 89982 89982 86724 89982 105068 105068 105068 112700 112700 112700 117203 117203 117203 123400 123400 123400 136135 140451 140451 140451 136135 140451 151056 158201 158201 158201 151056 158201 167655 167655 168660 168660 168660 168660 179324 188827 188827 188827 179324 188827 202389 202389 202389 208768 208768 208768 222505 225328 225328 225328 222505 225328 235668 245492 245492 245492 235668 245492 260909 266221 266221 266221 260909 266221 280622 284353 284353 284353 280622 280622 286419 286419 291927 291927 291927
100 0
11490 11490 11490 11490 24560 30542 30542 30827 30827 30827 30542 24560 24560 30827 40138 45874 55025 55025 55025 45874 45874 40138 40138 55025 63413 72612 77904 77904 77904 72612 72612 63413 63413 77904 82330 82330 82330 83420 83420 83420 92729 92729 92729 92729 98563 98563 98563 100893 100893 100893 109203 109203 109203 109203 119827 122380 122380 122380 130576 130576 130576 119827 119827 130576 142900 148316 148316 148316 149070 149070 149070 142900 142900 149070 158129 158129 158129 161744 161744 170986 170986 170986 161744 170986 181327 181327 181327 189413 189413 189413 195700 195700 195700 195700 205153 205153 205153 214483 214483 214483
100 0
6514 6514 6514 20918 23929 31249 39570 47815 47815 48040 56865 56865 56865 48040 48040 47815 39570 39570 31249 31249 23929 23929 56865 73172 81623 89477 97287 106642 106642 106642 97287 113020 113020 122417 122417 122417 113020 97287 89477 89477 81623 81623 122417 132804 132804 141157 149077 149077 149077 158601 159833 166562 166562 166562 159833 159833 174671 174671 174671 158601 158601 141157 174671 177225 177233 177233 177233 177225 177225 184560 186683 188044 188044 188044 188090 188941 188941 188941 188090 188090 186683 186683 188941 198998 198998 198998 201088 201088 201088 202466 202466 205577 213378 215028 215028 215028 213378 213378 205577 205577
100 0
5725 5725 5725 5725 19099 22697 22697 22697 19099 19099 30843 30843 30843 30843 41987 48402 48402 49364 49364 49364 48402 41987 41987 49364 56697 56697 56697 61524 61524 70038 70038 70038 61524 70038 74345 74666 80408 80408 80408 74666 74666 74345 74345 80408 86946 96721 96721 98778 98778 98778 96721 86946 86946 98778 109435 113885 117249 117249 117249 113885 113885 109435 109435 117249 125141 133316 133316 133316 135608 135608 135608 125141 125141 135608 141203 148284 148284 148284 141203 141203 152432 152432 152432 152432 164697 164697 164697 167570 167570 168851 168851 168851 167570 168851 181870 181870 185269 185269 185269 181870
100 0
8424 13880 13880 13880 8424 8424 23529 23529 23529 30846 32796 32796 32796 35099 35099 39648 39648 39648 35099 39648 43150 43150 43150 45330 51857 51857 51857 45330 61626 61626 61626 63156 63156 70685 70685 71881 71881 71881 70685 71881 82077 82077 82077 91726 93688 93688 93688 99095 105198 110658 110658 111728 111728 111728 110658 105198 105198 99095 99095 111728 111957 111957 111957 120656 129610 137985 144050 144050 144050 151400 151400 158397 158397 158397 151400 137985 137985 129610 129610 158397 165620 165620 165620 169456 178909 187778 193045 193045 193045 187778 196213 196213 196213 204300 204300 204300 187778 178909 178909 204300
100 0
4608 8563 8563 8563 8563 21867 21867 21867 27489 37169 37169 42482 45875 52263 53120 53120 53120 52263 52263 45875 45875 42482 42482 37169 53120 67274 68067 68067 74401 81487 81487 83197 85493 85493 94491 94491 94491 85493 83197 83197 81487 74401 74401 68067 94491 101238 101238 108155 108155 108155 101238 109952 112265 113350 113350 113350 112265 112265 109952 119137 119137 119137 124893 124893 124893 133686 133686 133686 136632 142136 142136 142136 136632 142279 142279 151000 151000 152033 156161 156161 156161 152033 152033 151000 156161 161724 161724 165942 167282 167282 167282 165942 174365 174365 181602 181602 181602 174365 165942 161724
100 0
5581 5581 5581 5581 24309 24309 24309 25736 25736 38611 38611 38611 46794 46794 62026 67607 67607 67607 67607 80820 83598 83598 83598 83598 90963 97541 97541 97541 97541 110914 113008 113008 113008 113008 117388 120054 120054 120054 120054 138754 142227 142227 142227 142227 161223 161284 161284 161284 161284 175435 175435 175435 178480 178480 185072 185392 185392 185392 185392 192395 196837 196837 196837 196837 213787 216943 216943 216943 216943 231351 231351 238181 238181 238181 251509 251509 259582 259582 259582 267489 267489 276759 276759 276759 279633 279633 279633 283873 283873 301055 303002 303002 303002 303002 314761 317809 317809 317809 317809 328027
100 0
8334 8334 8334 8334 19766 19842 19842 19842 19842 35402 35402 42506 42506 42506 46350 46350 52086 52086 52086 56247 64689 64689 64689 64689 78501 78501 80713 80713 80713 91161 98794 98794 98794 98794 112720 117290 117290 117290 117290 127420 130371 130371 130371 130371 139371 139531 139531 139531 139531 143084 143084 143084 150332 150332 158124 158124 158124 165527 165527 172604 174365 174365 174365 174365 191883 192194 192194 192194 192194 205495 205495 205495 213631 213631 221556 228748 228748 228748 228748 245751 250583 250583 250583 250583 251190 256364 256364 256364 256364 266238 267780 267780 267780 267780 280913 280913 280913 286695 286695 304081
100 0
11827 11827 11827 12036 12036 17446 17446 17446 12036 17446 23092 23092 23092 28932 38105 38105 38105 28932 28932 38105 43467 43467 43467 44758 48912 48912 48912 44758 44758 48912 62687 62687 64458 65549 65549 65549 64458 64458 62687 65549 80228 90174 96619 96619 96619 90174 90174 80228 80228 96619 105878 105878 106977 106977 109290 109290 109290 106977 105878 109290 121402 121402 121402 128055 128055 128055 132349 132349 132349 132349 147116 155105 155105 155105 147116 158596 158596 158596 147116 158596 164672 164672 164672 172285 172285 179002 179002 179002 172285 179002 191789 191789 191789 197305 200056 200056 200056 197305 197305 200056
100 0
209561 215758 209561 223643 209561 229365 235647 229365 244093 229365 245374 251237 245374 261050 245374 261991 270244 261991 271909 261991 275161 279193 275161 287790 275161 287866 294231 287866 296206 287866 305248 311542 305248 321383 305248 329569 333381 329569 334693 329569 334898 342749 334898 349228 334898 356326 362817 356326 372024 356326 374871 376888 374871 382290 374871 389372 393461 389372 401496 389372 407023 408743 407023 412639 407023 417977 420637 417977 429136 417977 436137 442047 436137 444576 436137 446525 448861 446525 457754 446525 461676 463052 461676 464589 461676 464703 470615 464703 475962 464703 477386 479854 477386 483051 477386 490952 496868 490952 502906 490952
100 0
658115 542923 271802 144533 45985 48311 367351 642726 114162 352921 63397 389348 43536 32860 351979 853461 690207 128548 433527 17387 349511 692377 512147 345979 192241 756501 400902 114931 391765 566404 620322 49880 625678 892124 710764 671662 456786 594466 830740 570947 463738 410488 960294 23625 959699 828624 877086 649905 473523 310612 1000000 823033 2988 212142 685363 711580 484994 602617 826510 876759 169020 446832 1000000 794697 855307 153753 982710 828444 264570 329801 1000000 728308 740288 876035 751932 1000000 221010 145369 866242 694532 972332 49885 33916 975319 1000000 719279 203250 263371 321895 29760 140129 7266 992943 99470 318314 364601 253222 301023 193044 34144
