20
4 right
0 0 2 4
0 0 4 8
0 2 16 32
0 2 2 16
4 up
0 0 2 4
0 0 4 8
0 2 16 32
0 0 4 16
4 up
0 0 0 0
0 0 0 0
0 0 0 0
0 0 0 0
4 down
2 2 2 2
2 2 2 2
2 2 2 2
2 2 2 2
4 left
2 2 2 2
2 2 2 2
2 2 2 2
2 2 2 2
4 right
2 2 2 2
2 2 2 2
2 2 2 2
2 2 2 2
4 up
2 2 2 2
2 2 2 2
2 2 2 2
2 2 2 2
4 left
2 2 4 4
2 2 4 4
2 2 4 4
2 2 4 4
4 down
1024 1024 1024 1024
1024 1024 1024 1024
1024 1024 1024 1024
1024 1024 1024 1024
4 left
1024 1024 1024 1024
1024 1024 1024 1024
1024 1024 1024 1024
1024 1024 1024 1024
4 right
1024 1024 1024 1024
1024 1024 1024 1024
1024 1024 1024 1024
1024 1024 1024 1024
4 up
1024 1024 1024 1024
1024 1024 1024 1024
1024 1024 1024 1024
1024 1024 1024 1024
4 down
2 0 128 0
0 0 512 2
0 512 16 16
0 0 0 0
4 up
0 0 32 0
4 0 0 128
0 0 0 0
0 0 0 2
4 up
0 0 0 0
128 0 4 4
0 0 32 0
0 0 2 0
4 right
0 0 0 0
0 0 512 1024
0 0 0 0
2 0 0 0
4 down
2 2 4 512
2 256 0 4
64 0 32 2
2 128 4 512
4 down
32 64 4 64
2 0 2 2
512 4 0 16
8 128 4 0
4 down
4 4 64 512
4 4 2 4
0 2 2 4
4 2 2 2
4 left
4 4 4 0
0 0 2 4
0 4 0 64
4 2 2 0
